0.0000 0.9843 0.6276 0.1260 0.3751 
0.1000 0.9843 0.6276 0.1260 0.3751 
0.2000 0.9843 0.6276 0.1260 0.3751 
0.3000 0.9843 0.6276 0.1260 0.3751 
0.4000 0.9843 0.6276 0.1260 0.3751 
0.5000 0.9843 0.6276 0.1260 0.3751 
0.6000 0.9843 0.6276 0.1260 0.3751 
0.7000 0.9843 0.6276 0.1260 0.3751 
0.8000 0.9843 0.6276 0.1260 0.3751 
0.9000 0.9843 0.6276 0.1260 0.3751 
1.0000 0.9843 0.6276 0.1260 0.3751 
1.1000 0.9843 0.6276 0.1260 0.3751 
1.2000 0.9843 0.6276 0.1260 0.3751 
1.3000 0.9843 0.6276 0.1260 0.3751 
1.4000 0.9843 0.6276 0.1260 0.3751 
1.5000 0.9843 0.6276 0.1260 0.3751 
1.6000 0.9843 0.6276 0.1260 0.3751 
1.7000 0.9843 0.6276 0.1260 0.3751 
1.8000 0.9843 0.6276 0.1260 0.3751 
1.9000 0.9843 0.6276 0.1260 0.3751 
2.0000 0.9843 0.6276 0.1260 0.3751 
2.1000 0.9843 0.6276 0.1260 0.3751 
2.2000 0.9843 0.6276 0.1260 0.3751 
2.3000 0.9843 0.6276 0.1260 0.3751 
2.4000 0.9843 0.6276 0.1260 0.3751 
2.5000 0.9843 0.6276 0.1260 0.3751 
2.6000 0.9843 0.6276 0.1260 0.3751 
2.7000 0.9843 0.6276 0.1260 0.3751 
2.8000 0.9843 0.6276 0.1260 0.3751 
2.9000 0.9843 0.6276 0.1260 0.3751 
3.0000 0.9843 0.6276 0.1260 0.3751 
3.1000 0.9843 0.6276 0.1260 0.3751 
3.2000 0.9843 0.6276 0.1260 0.3751 
3.3000 0.9843 0.6276 0.1260 0.3751 
3.4000 0.9843 0.6276 0.1260 0.3751 
3.5000 0.9843 0.6276 0.1260 0.3751 
3.6000 0.9843 0.6276 0.1260 0.3751 
3.7000 0.9843 0.6276 0.1260 0.3751 
3.8000 0.9843 0.6276 0.1260 0.3751 
3.9000 0.9843 0.6276 0.1260 0.3751 
4.0000 0.9843 0.6276 0.1260 0.3751 
4.1000 0.9843 0.6276 0.1260 0.3751 
4.2000 0.9843 0.6276 0.1260 0.3751 
4.3000 0.9843 0.6276 0.1260 0.3751 
4.4000 0.9843 0.6276 0.1260 0.3751 
4.5000 0.9843 0.6276 0.1260 0.3751 
4.6000 0.9843 0.6276 0.1260 0.3751 
4.7000 0.9843 0.6276 0.1260 0.3751 
4.8000 0.9843 0.6276 0.1260 0.3751 
4.9000 0.9843 0.6276 0.1260 0.3751 
5.0000 0.9843 0.6276 0.1260 0.3751 
5.1000 0.9843 0.6276 0.1260 0.3751 
5.2000 0.9843 0.6276 0.1260 0.3751 
5.3000 0.9843 0.6276 0.1260 0.3751 
5.4000 0.9843 0.6276 0.1260 0.3751 
5.5000 0.9843 0.6276 0.1260 0.3751 
5.6000 0.9843 0.6276 0.1260 0.3751 
5.7000 0.9843 0.6276 0.1260 0.3751 
5.8000 0.9843 0.6276 0.1260 0.3751 
5.9000 0.9843 0.6276 0.1260 0.3751 
6.0000 0.9843 0.6276 0.1260 0.3751 
6.1000 0.9843 0.6276 0.1260 0.3751 
6.2000 0.9843 0.6276 0.1260 0.3751 
6.3000 0.9843 0.6276 0.1260 0.3751 
6.4000 0.9843 0.6276 0.1260 0.3751 
6.5000 0.9843 0.6276 0.1260 0.3751 
6.6000 0.9843 0.6276 0.1260 0.3751 
6.7000 0.9843 0.6276 0.1260 0.3751 
6.8000 0.9843 0.6276 0.1260 0.3751 
6.9000 0.9843 0.6276 0.1260 0.3751 
7.0000 0.9843 0.6276 0.1260 0.3751 
7.1000 0.9843 0.6276 0.1260 0.3751 
7.2000 0.9843 0.6276 0.1260 0.3751 
7.3000 0.9843 0.6276 0.1260 0.3751 
7.4000 0.9843 0.6276 0.1260 0.3751 
7.5000 0.9843 0.6276 0.1260 0.3751 
7.6000 0.9843 0.6276 0.1260 0.3751 
7.7000 0.9843 0.6276 0.1260 0.3751 
7.8000 0.9843 0.6276 0.1260 0.3751 
7.9000 0.9843 0.6276 0.1260 0.3751 
8.0000 0.9843 0.6276 0.1260 0.3751 
8.1000 0.9843 0.6276 0.1260 0.3751 
8.2000 0.9843 0.6276 0.1260 0.3751 
8.3000 0.9843 0.6276 0.1260 0.3751 
8.4000 0.9843 0.6276 0.1260 0.3751 
8.5000 0.9843 0.6276 0.1260 0.3751 
8.6000 0.9843 0.6276 0.1260 0.3751 
8.7000 0.9843 0.6276 0.1260 0.3751 
8.8000 0.9843 0.6276 0.1260 0.3751 
8.9000 0.9843 0.6276 0.1260 0.3751 
9.0000 0.9843 0.6276 0.1260 0.3751 
9.1000 0.9843 0.6276 0.1260 0.3751 
9.2000 0.9843 0.6276 0.1260 0.3751 
9.3000 0.9843 0.6276 0.1260 0.3751 
9.4000 0.9843 0.6276 0.1260 0.3751 
9.5000 0.9843 0.6276 0.1260 0.3751 
9.6000 0.9843 0.6276 0.1260 0.3751 
9.7000 0.9843 0.6276 0.1260 0.3751 
9.8000 0.9843 0.6276 0.1260 0.3751 
9.9000 0.9843 0.6276 0.1260 0.3751 
10.0000 0.9843 0.6276 0.1260 0.3751 
10.1000 0.9843 0.6276 0.1260 0.3751 
10.2000 0.9843 0.6276 0.1260 0.3751 
10.3000 0.9843 0.6276 0.1260 0.3751 
10.4000 0.9843 0.6276 0.1260 0.3751 
10.5000 0.9843 0.6276 0.1260 0.3751 
10.6000 0.9843 0.6276 0.1260 0.3751 
10.7000 0.9843 0.6276 0.1260 0.3751 
10.8000 0.9843 0.6276 0.1260 0.3751 
10.9000 0.9843 0.6276 0.1260 0.3751 
11.0000 0.9843 0.6276 0.1260 0.3751 
11.1000 0.9843 0.6276 0.1260 0.3751 
11.2000 0.9843 0.6276 0.1260 0.3751 
11.3000 0.9843 0.6276 0.1260 0.3751 
11.4000 0.9843 0.6276 0.1260 0.3751 
11.5000 0.9843 0.6276 0.1260 0.3751 
11.6000 0.9843 0.6276 0.1260 0.3751 
11.7000 0.9843 0.6276 0.1260 0.3751 
11.8000 0.9843 0.6276 0.1260 0.3751 
11.9000 0.9843 0.6276 0.1260 0.3751 
12.0000 0.9843 0.6276 0.1260 0.3751 
12.1000 0.9843 0.6276 0.1260 0.3751 
12.2000 0.9843 0.6276 0.1260 0.3751 
12.3000 0.9843 0.6276 0.1260 0.3751 
12.4000 0.9843 0.6276 0.1260 0.3751 
12.5000 0.9843 0.6276 0.1260 0.3751 
12.6000 0.9843 0.6276 0.1260 0.3751 
12.7000 0.9843 0.6276 0.1260 0.3751 
12.8000 0.9843 0.6276 0.1260 0.3751 
12.9000 0.9843 0.6276 0.1260 0.3751 
13.0000 0.9843 0.6276 0.1260 0.3751 
13.1000 0.9843 0.6276 0.1260 0.3751 
13.2000 0.9843 0.6276 0.1260 0.3751 
13.3000 0.9843 0.6276 0.1260 0.3751 
13.4000 0.9843 0.6276 0.1260 0.3751 
13.5000 0.9843 0.6276 0.1260 0.3751 
13.6000 0.9843 0.6276 0.1260 0.3751 
13.7000 0.9843 0.6276 0.1260 0.3751 
13.8000 0.9843 0.6276 0.1260 0.3751 
13.9000 0.9843 0.6276 0.1260 0.3751 
14.0000 0.9843 0.6276 0.1260 0.3751 
14.1000 0.9843 0.6276 0.1260 0.3751 
14.2000 0.9843 0.6276 0.1260 0.3751 
14.3000 0.9843 0.6276 0.1260 0.3751 
14.4000 0.9843 0.6276 0.1260 0.3751 
14.5000 0.9843 0.6276 0.1260 0.3751 
14.6000 0.9843 0.6276 0.1260 0.3751 
14.7000 0.9843 0.6276 0.1260 0.3751 
14.8000 0.9843 0.6276 0.1260 0.3751 
14.9000 0.9843 0.6276 0.1260 0.3751 
15.0000 0.9843 0.6276 0.1260 0.3751 
15.1000 0.9843 0.6276 0.1260 0.3751 
15.2000 0.9843 0.6276 0.1260 0.3751 
15.3000 0.9843 0.6276 0.1260 0.3751 
15.4000 0.9843 0.6276 0.1260 0.3751 
15.5000 0.9843 0.6276 0.1260 0.3751 
15.6000 0.9843 0.6276 0.1260 0.3751 
15.7000 0.9843 0.6276 0.1260 0.3751 
15.8000 0.9843 0.6276 0.1260 0.3751 
15.9000 0.9843 0.6276 0.1260 0.3751 
16.0000 0.9843 0.6276 0.1260 0.3751 
16.1000 0.9843 0.6276 0.1260 0.3751 
16.2000 0.9843 0.6276 0.1260 0.3751 
16.3000 0.9843 0.6276 0.1260 0.3751 
16.4000 0.9843 0.6276 0.1260 0.3751 
16.5000 0.9843 0.6276 0.1260 0.3751 
16.6000 0.9843 0.6276 0.1260 0.3751 
16.7000 0.9843 0.6276 0.1260 0.3751 
16.8000 0.9843 0.6276 0.1260 0.3751 
16.9000 0.9843 0.6276 0.1260 0.3751 
17.0000 0.9843 0.6276 0.1260 0.3751 
17.1000 0.9843 0.6276 0.1260 0.3751 
17.2000 0.9843 0.6276 0.1260 0.3751 
17.3000 0.9843 0.6276 0.1260 0.3751 
17.4000 0.9843 0.6276 0.1260 0.3751 
17.5000 0.9843 0.6276 0.1260 0.3751 
17.6000 0.9843 0.6276 0.1260 0.3751 
17.7000 0.9843 0.6276 0.1260 0.3751 
17.8000 0.9843 0.6276 0.1260 0.3751 
17.9000 0.9843 0.6276 0.1260 0.3751 
18.0000 0.9843 0.6276 0.1260 0.3751 
18.1000 0.9843 0.6276 0.1260 0.3751 
18.2000 0.9843 0.6276 0.1260 0.3751 
18.3000 0.9843 0.6276 0.1260 0.3751 
18.4000 0.9843 0.6276 0.1260 0.3751 
18.5000 0.9843 0.6276 0.1260 0.3751 
18.6000 0.9843 0.6276 0.1260 0.3751 
18.7000 0.9843 0.6276 0.1260 0.3751 
18.8000 0.9843 0.6276 0.1260 0.3751 
18.9000 0.9843 0.6276 0.1260 0.3751 
19.0000 0.9843 0.6276 0.1260 0.3751 
19.1000 0.9843 0.6276 0.1260 0.3751 
19.2000 0.9843 0.6276 0.1260 0.3751 
19.3000 0.9843 0.6276 0.1260 0.3751 
19.4000 0.9843 0.6276 0.1260 0.3751 
19.5000 0.9843 0.6276 0.1260 0.3751 
19.6000 0.9843 0.6276 0.1260 0.3751 
19.7000 0.9843 0.6276 0.1260 0.3751 
19.8000 0.9843 0.6276 0.1260 0.3751 
19.9000 0.9843 0.6276 0.1260 0.3751 
20.0000 0.9843 0.6276 0.1260 0.3751 
20.1000 0.9843 0.6276 0.1260 0.3751 
20.2000 0.9843 0.6276 0.1260 0.3751 
20.3000 0.9843 0.6276 0.1260 0.3751 
20.4000 0.9843 0.6276 0.1260 0.3751 
20.5000 0.9843 0.6276 0.1260 0.3751 
20.6000 0.9843 0.6276 0.1260 0.3751 
