 0.0000 0.0000 0.0000 0.0000
 0.1000 0.0106 0.0005 0.0862
 0.2000 0.0191 0.0019 0.2463
 0.3000 0.0237 0.0038 0.5442
 0.4000 0.0244 0.0044 0.7645
 0.5000 0.0237 0.0035 0.9055
 0.6000 0.0236 0.0034 1.0087
 0.7000 0.0247 0.0052 1.0271
 0.8000 0.0260 0.0074 1.0251
 0.9000 0.0275 0.0098 1.0182
 1.0000 0.0289 0.0121 1.0101
 1.1000 0.0304 0.0145 1.0016
 1.2000 0.0320 0.0169 0.9929
 1.3000 0.0335 0.0192 0.9843
 1.4000 0.0351 0.0215 0.9755
 1.5000 0.0367 0.0239 0.9667
 1.6000 0.0383 0.0262 0.9578
 1.7000 0.0399 0.0285 0.9489
 1.8000 0.0415 0.0307 0.9400
 1.9000 0.0432 0.0330 0.9309
 2.0000 0.0449 0.0352 0.9218
 2.1000 0.0466 0.0375 0.9127
 2.2000 0.0483 0.0397 0.9035
 2.3000 0.0501 0.0419 0.8942
 2.4000 0.0519 0.0441 0.8849
 2.5000 0.0537 0.0463 0.8755
 2.6000 0.0555 0.0485 0.8661
 2.7000 0.0573 0.0506 0.8565
 2.8000 0.0592 0.0527 0.8470
 2.9000 0.0611 0.0548 0.8373
 3.0000 0.0630 0.0569 0.8276
 3.1000 0.0649 0.0590 0.8179
 3.2000 0.0669 0.0611 0.8080
 3.3000 0.0689 0.0631 0.7981
 3.4000 0.0708 0.0651 0.7881
 3.5000 0.0729 0.0671 0.7781
 3.6000 0.0749 0.0691 0.7680
 3.7000 0.0770 0.0711 0.7578
 3.8000 0.0790 0.0730 0.7476
 3.9000 0.0811 0.0750 0.7372
 4.0000 0.0833 0.0769 0.7268
 4.1000 0.0854 0.0788 0.7164
 4.2000 0.0876 0.0806 0.7058
 4.3000 0.0897 0.0825 0.6952
 4.4000 0.0919 0.0843 0.6845
 4.5000 0.0942 0.0861 0.6737
 4.6000 0.0964 0.0879 0.6628
 4.7000 0.0987 0.0896 0.6519
 4.8000 0.1010 0.0913 0.6409
 4.9000 0.1033 0.0930 0.6298
 5.0000 0.1056 0.0947 0.6186
 5.1000 0.1080 0.0964 0.6073
 5.2000 0.1103 0.0980 0.5959
 5.3000 0.1127 0.0996 0.5845
 5.4000 0.1151 0.1012 0.5730
 5.5000 0.1176 0.1027 0.5613
 5.6000 0.1200 0.1043 0.5496
 5.7000 0.1225 0.1057 0.5378
 5.8000 0.1250 0.1072 0.5259
 5.9000 0.1275 0.1087 0.5139
 6.0000 0.1300 0.1101 0.5018
 6.1000 0.1326 0.1114 0.4896
 6.2000 0.1352 0.1128 0.4773
 6.3000 0.1378 0.1141 0.4649
 6.4000 0.1404 0.1154 0.4524
 6.5000 0.1430 0.1166 0.4398
 6.6000 0.1456 0.1179 0.4270
 6.7000 0.1483 0.1191 0.4142
 6.8000 0.1510 0.1202 0.4013
 6.9000 0.1537 0.1213 0.3882
 7.0000 0.1564 0.1224 0.3751
 7.1000 0.1591 0.1235 0.3618
 7.2000 0.1619 0.1245 0.3484
 7.3000 0.1646 0.1255 0.3349
 7.4000 0.1674 0.1264 0.3212
 7.5000 0.1702 0.1273 0.3075
 7.6000 0.1730 0.1282 0.2936
 7.7000 0.1758 0.1290 0.2796
 7.8000 0.1787 0.1298 0.2654
 7.9000 0.1815 0.1306 0.2512
 8.0000 0.1844 0.1313 0.2367
 8.1000 0.1873 0.1320 0.2222
 8.2000 0.1902 0.1326 0.2075
 8.3000 0.1931 0.1332 0.1927
 8.4000 0.1960 0.1338 0.1777
 8.5000 0.1990 0.1343 0.1626
 8.6000 0.2019 0.1347 0.1473
 8.7000 0.2049 0.1351 0.1318
 8.8000 0.2078 0.1355 0.1162
 8.9000 0.2108 0.1358 0.1005
 9.0000 0.2138 0.1361 0.0846
 9.1000 0.2168 0.1363 0.0685
 9.2000 0.2198 0.1365 0.0522
 9.3000 0.2228 0.1366 0.0358
 9.4000 0.2258 0.1367 0.0192
 9.5000 0.2288 0.1368 0.0024
 9.6000 0.2319 0.1367 6.2686
 9.7000 0.2349 0.1367 6.2514
 9.8000 0.2379 0.1366 6.2341
 9.9000 0.2410 0.1364 6.2165
 10.0000 0.2440 0.1361 6.1988
 10.1000 0.2470 0.1359 6.1808
 10.2000 0.2501 0.1355 6.1626
 10.3000 0.2531 0.1351 6.1442
 10.4000 0.2561 0.1347 6.1256
 10.5000 0.2592 0.1342 6.1067
 10.6000 0.2622 0.1336 6.0876
 10.7000 0.2652 0.1330 6.0683
 10.8000 0.2682 0.1323 6.0487
 10.9000 0.2713 0.1315 6.0289
 11.0000 0.2743 0.1307 6.0088
 11.1000 0.2772 0.1298 5.9885
 11.2000 0.2802 0.1289 5.9679
 11.3000 0.2832 0.1279 5.9470
 11.4000 0.2861 0.1268 5.9258
 11.5000 0.2891 0.1257 5.9043
 11.6000 0.2920 0.1245 5.8825
 11.7000 0.2949 0.1232 5.8604
 11.8000 0.2978 0.1219 5.8379
 11.9000 0.3006 0.1205 5.8152
 12.0000 0.3034 0.1190 5.7921
 12.1000 0.3062 0.1175 5.7686
 12.2000 0.3090 0.1159 5.7448
 12.3000 0.3118 0.1142 5.7206
 12.4000 0.3145 0.1124 5.6960
 12.5000 0.3171 0.1106 5.6710
 12.6000 0.3198 0.1087 5.6456
 12.7000 0.3224 0.1067 5.6198
 12.8000 0.3249 0.1047 5.5935
 12.9000 0.3274 0.1026 5.5667
 13.0000 0.3299 0.1004 5.5395
 13.1000 0.3323 0.0981 5.5118
 13.2000 0.3346 0.0957 5.4835
 13.3000 0.3369 0.0933 5.4548
 13.4000 0.3392 0.0908 5.4254
 13.5000 0.3413 0.0882 5.3955
 13.6000 0.3434 0.0856 5.3650
 13.7000 0.3455 0.0828 5.3338
 13.8000 0.3474 0.0800 5.3020
 13.9000 0.3493 0.0771 5.2695
 14.0000 0.3510 0.0742 5.2363
 14.1000 0.3527 0.0711 5.2024
 14.2000 0.3543 0.0680 5.1676
 14.3000 0.3558 0.0648 5.1320
 14.4000 0.3572 0.0616 5.0955
 14.5000 0.3585 0.0582 5.0582
 14.6000 0.3596 0.0548 5.0198
 14.7000 0.3606 0.0514 4.9804
 14.8000 0.3615 0.0478 4.9400
 14.9000 0.3623 0.0442 4.8983
 15.0000 0.3629 0.0406 4.8555
 15.1000 0.3634 0.0368 4.8114
 15.2000 0.3636 0.0331 4.7658
 15.3000 0.3638 0.0293 4.7188
 15.4000 0.3637 0.0254 4.6702
 15.5000 0.3634 0.0215 4.6199
 15.6000 0.3630 0.0176 4.5678
 15.7000 0.3623 0.0136 4.5136
 15.8000 0.3614 0.0097 4.4573
 15.9000 0.3602 0.0057 4.3987
 16.0000 0.3588 0.0017 4.3374
 16.1000 0.3571 -0.0022 4.2734
 16.2000 0.3551 -0.0061 4.2062
 16.3000 0.3528 -0.0099 4.1355
 16.4000 0.3502 -0.0136 4.0610
 16.5000 0.3472 -0.0172 3.9821
 16.6000 0.3439 -0.0206 3.8983
 16.7000 0.3401 -0.0239 3.8088
 16.8000 0.3360 -0.0268 3.7129
 16.9000 0.3314 -0.0295 3.6094
 17.0000 0.3263 -0.0317 3.4970
 17.1000 0.3207 -0.0334 3.3741
 17.2000 0.3146 -0.0344 3.2383
 17.3000 0.3080 -0.0345 3.0867
 17.4000 0.3010 -0.0335 2.9154
 17.5000 0.2937 -0.0311 2.7210
 17.6000 0.2870 -0.0273 2.5266
 17.7000 0.2811 -0.0222 2.3322
 17.8000 0.2764 -0.0161 2.1377
 17.9000 0.2730 -0.0098 1.9628
 18.0000 0.2710 -0.0038 1.8233
 18.1000 0.2700 0.0014 1.7190
 18.2000 0.2695 0.0058 1.6486
 18.3000 0.2693 0.0094 1.6109
 18.4000 0.2692 0.0121 1.6054
 18.5000 0.2691 0.0147 1.6054
 18.6000 0.2690 0.0173 1.6054
 18.7000 0.2689 0.0198 1.6054
 18.8000 0.2688 0.0224 1.6054
 18.9000 0.2687 0.0250 1.6054
 19.0000 0.2686 0.0276 1.6054
 19.1000 0.2686 0.0301 1.6054
 19.2000 0.2685 0.0327 1.6054
 19.3000 0.2684 0.0353 1.6054
 19.4000 0.2683 0.0379 1.6054
 19.5000 0.2682 0.0404 1.6054
 19.6000 0.2681 0.0430 1.6054
 19.7000 0.2680 0.0456 1.6054
 19.8000 0.2679 0.0482 1.6054
 19.9000 0.2678 0.0507 1.6054
 20.0000 0.2677 0.0533 1.6054
 20.1000 0.2677 0.0559 1.6054
 20.2000 0.2676 0.0585 1.6054
 20.3000 0.2675 0.0610 1.6054
 20.4000 0.2674 0.0636 1.6054
 20.5000 0.2673 0.0662 1.6054
 20.6000 0.2672 0.0688 1.6054
 20.7000 0.2671 0.0713 1.6054
 20.8000 0.2670 0.0739 1.6054
 20.9000 0.2669 0.0765 1.6054
 21.0000 0.2669 0.0791 1.6054
 21.1000 0.2668 0.0816 1.6054
 21.2000 0.2667 0.0842 1.6054
 21.3000 0.2666 0.0868 1.6054
 21.4000 0.2665 0.0894 1.6054
 21.5000 0.2664 0.0919 1.6054
 21.6000 0.2663 0.0945 1.6054
 21.7000 0.2662 0.0971 1.6054
 21.8000 0.2661 0.0997 1.6054
 21.9000 0.2661 0.1022 1.6054
 22.0000 0.2660 0.1048 1.6054
 22.1000 0.2659 0.1074 1.6054
 22.2000 0.2658 0.1100 1.6054
 22.3000 0.2657 0.1125 1.6054
 22.4000 0.2656 0.1151 1.6054
 22.5000 0.2655 0.1177 1.6054
 22.6000 0.2654 0.1203 1.6054
 22.7000 0.2653 0.1228 1.6054
 22.8000 0.2653 0.1254 1.6054
 22.9000 0.2652 0.1280 1.6054
 23.0000 0.2651 0.1306 1.6054
 23.1000 0.2650 0.1331 1.6054
 23.2000 0.2649 0.1357 1.6054
 23.3000 0.2648 0.1383 1.6054
 23.4000 0.2647 0.1409 1.6054
 23.5000 0.2646 0.1434 1.6054
 23.6000 0.2645 0.1460 1.6054
 23.7000 0.2645 0.1486 1.6054
 23.8000 0.2644 0.1512 1.6054
 23.9000 0.2643 0.1537 1.6054
 24.0000 0.2642 0.1563 1.6054
 24.1000 0.2641 0.1589 1.6054
 24.2000 0.2640 0.1614 1.6054
 24.3000 0.2639 0.1640 1.6054
 24.4000 0.2638 0.1666 1.6054
 24.5000 0.2637 0.1692 1.6054
 24.6000 0.2637 0.1717 1.6054
 24.7000 0.2636 0.1743 1.6054
 24.8000 0.2635 0.1769 1.6054
 24.9000 0.2634 0.1795 1.6054
 25.0000 0.2633 0.1820 1.6054
 25.1000 0.2632 0.1846 1.6054
 25.2000 0.2631 0.1872 1.6054
 25.3000 0.2630 0.1898 1.6054
 25.4000 0.2629 0.1923 1.6054
 25.5000 0.2629 0.1949 1.6054
 25.6000 0.2628 0.1975 1.6054
 25.7000 0.2627 0.2001 1.6054
 25.8000 0.2626 0.2026 1.6054
 25.9000 0.2625 0.2052 1.6054
 26.0000 0.2624 0.2078 1.6054
 26.1000 0.2623 0.2104 1.6054
 26.2000 0.2622 0.2129 1.6054
 26.3000 0.2621 0.2155 1.6054
 26.4000 0.2620 0.2181 1.6054
 26.5000 0.2620 0.2207 1.6054
 26.6000 0.2619 0.2232 1.6054
 26.7000 0.2618 0.2258 1.6054
 26.8000 0.2617 0.2284 1.6054
 26.9000 0.2616 0.2310 1.6054
 27.0000 0.2615 0.2335 1.6054
 27.1000 0.2614 0.2361 1.6054
 27.2000 0.2613 0.2387 1.6054
 27.3000 0.2612 0.2413 1.6054
 27.4000 0.2612 0.2438 1.6054
 27.5000 0.2611 0.2464 1.6054
 27.6000 0.2610 0.2490 1.6054
 27.7000 0.2609 0.2516 1.6054
 27.8000 0.2608 0.2541 1.6054
 27.9000 0.2607 0.2567 1.6054
 28.0000 0.2606 0.2593 1.6054
 28.1000 0.2605 0.2619 1.6054
 28.2000 0.2604 0.2644 1.6054
 28.3000 0.2604 0.2670 1.6054
 28.4000 0.2603 0.2696 1.6054
 28.5000 0.2602 0.2722 1.6054
 28.6000 0.2601 0.2747 1.6054
 28.7000 0.2600 0.2773 1.6054
 28.8000 0.2599 0.2799 1.6054
 28.9000 0.2598 0.2825 1.6054
 29.0000 0.2597 0.2850 1.6054
 29.1000 0.2596 0.2876 1.6054
 29.2000 0.2596 0.2902 1.6054
 29.3000 0.2595 0.2928 1.6054
 29.4000 0.2594 0.2953 1.6054
 29.5000 0.2593 0.2979 1.6054
 29.6000 0.2592 0.3005 1.6054
 29.7000 0.2591 0.3031 1.6054
 29.8000 0.2590 0.3056 1.6054
 29.9000 0.2589 0.3082 1.6054
 30.0000 0.2588 0.3108 1.6054
 30.1000 0.2588 0.3133 1.6054
 30.2000 0.2587 0.3159 1.6054
 30.3000 0.2586 0.3185 1.6054
 30.4000 0.2585 0.3211 1.6054
 30.5000 0.2584 0.3236 1.6054
 30.6000 0.2583 0.3262 1.6054
 30.7000 0.2582 0.3288 1.6054
 30.8000 0.2581 0.3314 1.6054
 30.9000 0.2580 0.3339 1.6054
 31.0000 0.2580 0.3365 1.6054
 31.1000 0.2579 0.3391 1.6054
 31.2000 0.2578 0.3417 1.6054
 31.3000 0.2577 0.3442 1.6054
 31.4000 0.2576 0.3468 1.6054
 31.5000 0.2575 0.3494 1.6054
 31.6000 0.2574 0.3520 1.6054
 31.7000 0.2573 0.3545 1.6054
 31.8000 0.2572 0.3571 1.6054
 31.9000 0.2571 0.3597 1.6054
 32.0000 0.2571 0.3623 1.6054
 32.1000 0.2570 0.3648 1.6054
 32.2000 0.2569 0.3674 1.6054
 32.3000 0.2568 0.3700 1.6054
 32.4000 0.2567 0.3726 1.6054
 32.5000 0.2566 0.3751 1.6054
 32.6000 0.2565 0.3777 1.6054
 32.7000 0.2564 0.3803 1.6054
 32.8000 0.2563 0.3829 1.6054
 32.9000 0.2563 0.3854 1.6054
 33.0000 0.2562 0.3880 1.6054
 33.1000 0.2561 0.3906 1.6054
 33.2000 0.2560 0.3932 1.6054
 33.3000 0.2559 0.3957 1.6054
 33.4000 0.2558 0.3983 1.6054
 33.5000 0.2557 0.4009 1.6054
 33.6000 0.2556 0.4035 1.6054
 33.7000 0.2555 0.4060 1.6054
 33.8000 0.2555 0.4086 1.6054
 33.9000 0.2554 0.4112 1.6054
 34.0000 0.2553 0.4138 1.6054
 34.1000 0.2552 0.4163 1.6054
 34.2000 0.2551 0.4189 1.6054
 34.3000 0.2550 0.4215 1.6054
 34.4000 0.2549 0.4241 1.6054
 34.5000 0.2548 0.4266 1.6054
 34.6000 0.2547 0.4292 1.6054
 34.7000 0.2547 0.4318 1.6054
 34.8000 0.2546 0.4344 1.6054
 34.9000 0.2545 0.4369 1.6054
 35.0000 0.2544 0.4395 1.6054
 35.1000 0.2543 0.4421 1.6054
 35.2000 0.2542 0.4447 1.6054
 35.3000 0.2541 0.4472 1.6054
 35.4000 0.2540 0.4498 1.6054
 35.5000 0.2539 0.4524 1.6054
 35.6000 0.2539 0.4550 1.6054
 35.7000 0.2538 0.4575 1.6054
 35.8000 0.2537 0.4601 1.6054
 35.9000 0.2536 0.4627 1.6054
 36.0000 0.2535 0.4652 1.6054
 36.1000 0.2534 0.4678 1.6054
 36.2000 0.2533 0.4704 1.6054
 36.3000 0.2532 0.4730 1.6054
 36.4000 0.2531 0.4755 1.6054
 36.5000 0.2531 0.4781 1.6054
 36.6000 0.2530 0.4807 1.6054
 36.7000 0.2529 0.4833 1.6054
 36.8000 0.2528 0.4858 1.6054
 36.9000 0.2527 0.4884 1.6054
 37.0000 0.2526 0.4910 1.6054
 37.1000 0.2525 0.4936 1.6054
 37.2000 0.2524 0.4961 1.6054
 37.3000 0.2523 0.4987 1.6054
 37.4000 0.2522 0.5013 1.6054
 37.5000 0.2522 0.5039 1.6054
 37.6000 0.2521 0.5064 1.6054
 37.7000 0.2520 0.5090 1.6054
 37.8000 0.2519 0.5116 1.6054
 37.9000 0.2518 0.5142 1.6054
 38.0000 0.2517 0.5167 1.6054
 38.1000 0.2516 0.5193 1.6054
 38.2000 0.2515 0.5219 1.6054
 38.3000 0.2514 0.5245 1.6054
 38.4000 0.2514 0.5270 1.6054
 38.5000 0.2513 0.5296 1.6054
 38.6000 0.2512 0.5322 1.6054
 38.7000 0.2511 0.5348 1.6054
 38.8000 0.2510 0.5373 1.6054
 38.9000 0.2509 0.5399 1.6054
 39.0000 0.2508 0.5425 1.6054
 39.1000 0.2507 0.5451 1.6054
 39.2000 0.2506 0.5476 1.6054
 39.3000 0.2506 0.5502 1.6054
 39.4000 0.2505 0.5528 1.6054
 39.5000 0.2504 0.5554 1.6054
 39.6000 0.2503 0.5579 1.6054
 39.7000 0.2502 0.5605 1.6054
 39.8000 0.2501 0.5631 1.6054
 39.9000 0.2500 0.5657 1.6054
 40.0000 0.2499 0.5682 1.6054
 40.1000 0.2498 0.5708 1.6054
 40.2000 0.2498 0.5734 1.6054
 40.3000 0.2497 0.5760 1.6054
 40.4000 0.2496 0.5785 1.6054
 40.5000 0.2495 0.5811 1.6054
 40.6000 0.2494 0.5837 1.6054
 40.7000 0.2493 0.5863 1.6054
 40.8000 0.2492 0.5888 1.6054
 40.9000 0.2491 0.5914 1.6054
 41.0000 0.2490 0.5940 1.6054
 41.1000 0.2490 0.5966 1.6054
 41.2000 0.2489 0.5991 1.6054
 41.3000 0.2488 0.6017 1.6054
 41.4000 0.2487 0.6043 1.6054
 41.5000 0.2486 0.6068 1.6054
 41.6000 0.2485 0.6094 1.6054
 41.7000 0.2484 0.6120 1.6054
 41.8000 0.2483 0.6146 1.6054
 41.9000 0.2482 0.6171 1.6054
 42.0000 0.2482 0.6197 1.6054
 42.1000 0.2481 0.6223 1.6054
 42.2000 0.2480 0.6249 1.6054
 42.3000 0.2479 0.6274 1.6054
 42.4000 0.2478 0.6300 1.6054
 42.5000 0.2477 0.6326 1.6054
 42.6000 0.2476 0.6352 1.6054
 42.7000 0.2475 0.6377 1.6054
 42.8000 0.2474 0.6403 1.6054
 42.9000 0.2473 0.6429 1.6054
 43.0000 0.2473 0.6455 1.6054
 43.1000 0.2472 0.6480 1.6054
 43.2000 0.2471 0.6506 1.6054
 43.3000 0.2470 0.6532 1.6054
 43.4000 0.2469 0.6558 1.6054
 43.5000 0.2468 0.6583 1.6054
 43.6000 0.2467 0.6609 1.6054
 43.7000 0.2466 0.6635 1.6054
 43.8000 0.2465 0.6661 1.6054
 43.9000 0.2465 0.6686 1.6054
 44.0000 0.2464 0.6712 1.6054
 44.1000 0.2463 0.6738 1.6054
 44.2000 0.2462 0.6764 1.6054
 44.3000 0.2461 0.6789 1.6054
 44.4000 0.2460 0.6815 1.6054
 44.5000 0.2459 0.6841 1.6054
 44.6000 0.2458 0.6867 1.6054
 44.7000 0.2457 0.6892 1.6054
 44.8000 0.2457 0.6918 1.6054
 44.9000 0.2456 0.6944 1.6054
 45.0000 0.2455 0.6970 1.6054
 45.1000 0.2454 0.6995 1.6054
 45.2000 0.2453 0.7021 1.6054
 45.3000 0.2452 0.7047 1.6054
 45.4000 0.2451 0.7073 1.6054
 45.5000 0.2450 0.7098 1.6054
 45.6000 0.2449 0.7124 1.6054
 45.7000 0.2449 0.7150 1.6054
 45.8000 0.2448 0.7176 1.6054
 45.9000 0.2447 0.7201 1.6054
 46.0000 0.2446 0.7227 1.6054
 46.1000 0.2445 0.7253 1.6054
 46.2000 0.2444 0.7279 1.6054
 46.3000 0.2443 0.7304 1.6054
 46.4000 0.2442 0.7330 1.6054
 46.5000 0.2441 0.7356 1.6054
 46.6000 0.2441 0.7382 1.6054
 46.7000 0.2440 0.7407 1.6054
 46.8000 0.2439 0.7433 1.6054
 46.9000 0.2438 0.7459 1.6054
 47.0000 0.2437 0.7485 1.6054
 47.1000 0.2436 0.7510 1.6054
 47.2000 0.2435 0.7536 1.6054
 47.3000 0.2434 0.7562 1.6054
 47.4000 0.2433 0.7587 1.6054
 47.5000 0.2433 0.7613 1.6054
 47.6000 0.2432 0.7639 1.6054
 47.7000 0.2431 0.7665 1.6054
 47.8000 0.2430 0.7690 1.6054
 47.9000 0.2429 0.7716 1.6054
 48.0000 0.2428 0.7742 1.6054
 48.1000 0.2427 0.7768 1.6054
 48.2000 0.2426 0.7793 1.6054
 48.3000 0.2425 0.7819 1.6054
 48.4000 0.2425 0.7845 1.6054
 48.5000 0.2424 0.7871 1.6054
 0.0000 0.0000 0.0000 0.0000
 0.1000 0.0000 0.0000 0.0000
 0.2000 0.0000 0.0000 0.0000
 0.3000 0.0000 0.0000 0.0000
 0.4000 0.0000 0.0000 0.0000
 0.5000 0.0000 0.0000 0.0000
 0.6000 0.0000 0.0000 0.0000
 0.7000 0.0000 0.0000 0.0000
 0.8000 0.0000 0.0000 0.0000
 0.9000 0.0000 0.0000 0.0000
 1.0000 0.0000 0.0000 0.0000
 1.1000 0.0000 0.0000 0.0000
 1.2000 0.0000 0.0000 0.0000
 1.3000 0.0000 0.0000 0.0000
 1.4000 0.0000 0.0000 0.0000
 1.5000 0.0000 0.0000 0.0000
 1.6000 0.0000 0.0000 0.0000
 1.7000 0.0000 0.0000 0.0000
 1.8000 0.0000 0.0000 0.0000
 1.9000 0.0000 0.0000 0.0000
 2.0000 0.0000 0.0000 0.0000
 2.1000 0.0000 0.0000 0.0000
 2.2000 0.0000 0.0000 0.0000
 2.3000 0.0000 0.0000 0.0000
 2.4000 0.0000 0.0000 0.0000
 2.5000 0.0000 0.0000 0.0000
 2.6000 0.0000 0.0000 0.0000
 2.7000 0.0000 0.0000 0.0000
 2.8000 0.0000 0.0000 0.0000
 2.9000 0.0000 0.0000 0.0000
 3.0000 0.0000 0.0000 0.0000
 3.1000 0.0000 0.0000 0.0000
 3.2000 0.0000 0.0000 0.0000
 3.3000 0.0000 0.0000 0.0000
 3.4000 0.0000 0.0000 0.0000
 3.5000 0.0000 0.0000 0.0000
 3.6000 0.0000 0.0000 0.0000
 3.7000 0.0000 0.0000 0.0000
 3.8000 0.0000 0.0000 0.0000
 3.9000 0.0000 0.0000 0.0000
 4.0000 0.0000 0.0000 0.0000
 4.1000 0.0000 0.0000 0.0000
 4.2000 0.0000 0.0000 0.0000
 4.3000 0.0000 0.0000 0.0000
 4.4000 0.0000 0.0000 0.0000
 4.5000 0.0000 0.0000 0.0000
 4.6000 0.0000 0.0000 0.0000
 4.7000 0.0000 0.0000 0.0000
 4.8000 0.0000 0.0000 0.0000
 4.9000 0.0000 0.0000 0.0000
 5.0000 0.0000 0.0000 0.0000
 5.1000 0.0000 0.0000 0.0000
 5.2000 0.0000 0.0000 0.0000
 5.3000 0.0000 0.0000 0.0000
 5.4000 0.0000 0.0000 0.0000
 5.5000 0.0000 0.0000 0.0000
 5.6000 0.0000 0.0000 0.0000
 5.7000 0.0000 0.0000 0.0000
 5.8000 0.0000 0.0000 0.0000
 5.9000 0.0000 0.0000 0.0000
 6.0000 0.0000 0.0000 0.0000
 6.1000 0.0000 0.0000 0.0000
 6.2000 0.0000 0.0000 0.0000
 6.3000 0.0000 0.0000 0.0000
 6.4000 0.0000 0.0000 0.0000
 6.5000 0.0000 0.0000 0.0000
 6.6000 0.0000 0.0000 0.0000
 6.7000 0.0000 0.0000 0.0000
 6.8000 0.0000 0.0000 0.0000
 6.9000 0.0000 0.0000 0.0000
 7.0000 0.0000 0.0000 0.0000
 7.1000 0.0000 0.0000 0.0000
 7.2000 0.0000 0.0000 0.0000
 7.3000 0.0000 0.0000 0.0000
 7.4000 0.0000 0.0000 0.0000
 7.5000 0.0000 0.0000 0.0000
 7.6000 0.0000 0.0000 0.0000
 7.7000 0.0000 0.0000 0.0000
 7.8000 0.0000 0.0000 0.0000
 7.9000 0.0000 0.0000 0.0000
 8.0000 0.0000 0.0000 0.0000
 8.1000 0.0000 0.0000 0.0000
 8.2000 0.0000 0.0000 0.0000
 8.3000 0.0000 0.0000 0.0000
 8.4000 0.0000 0.0000 0.0000
 8.5000 0.0000 0.0000 0.0000
 8.6000 0.0000 0.0000 0.0000
 8.7000 0.0000 0.0000 0.0000
 8.8000 0.0000 0.0000 0.0000
 8.9000 0.0000 0.0000 0.0000
 9.0000 0.0000 0.0000 0.0000
 9.1000 0.0000 0.0000 0.0000
 9.2000 0.0000 0.0000 0.0000
 9.3000 0.0000 0.0000 0.0000
 9.4000 0.0000 0.0000 0.0000
 9.5000 0.0000 0.0000 0.0000
 9.6000 0.0000 0.0000 0.0000
 9.7000 0.0000 0.0000 0.0000
 9.8000 0.0000 0.0000 0.0000
 9.9000 0.0000 0.0000 0.0000
 10.0000 0.0000 0.0000 0.0000
 10.1000 0.0000 0.0000 0.0000
 10.2000 0.0000 0.0000 0.0000
 10.3000 0.0000 0.0000 0.0000
 10.4000 0.0000 0.0000 0.0000
 10.5000 0.0000 0.0000 0.0000
 10.6000 0.0000 0.0000 0.0000
 10.7000 0.0000 0.0000 0.0000
 10.8000 0.0000 0.0000 0.0000
 10.9000 0.0000 0.0000 0.0000
 11.0000 0.0000 0.0000 0.0000
 11.1000 0.0000 0.0000 0.0000
 11.2000 0.0000 0.0000 0.0000
 11.3000 0.0000 0.0000 0.0000
 11.4000 0.0000 0.0000 0.0000
 11.5000 0.0000 0.0000 0.0000
 11.6000 0.0000 0.0000 0.0000
 11.7000 0.0000 0.0000 0.0000
 11.8000 0.0000 0.0000 0.0000
 11.9000 0.0000 0.0000 0.0000
 12.0000 0.0000 0.0000 0.0000
 12.1000 0.0000 0.0000 0.0000
 12.2000 0.0000 0.0000 0.0000
 12.3000 0.0000 0.0000 0.0000
 12.4000 0.0000 0.0000 0.0000
 12.5000 0.0000 0.0000 0.0000
 12.6000 0.0000 0.0000 0.0000
 12.7000 0.0000 0.0000 0.0000
 12.8000 0.0000 0.0000 0.0000
 12.9000 0.0000 0.0000 0.0000
 13.0000 0.0000 0.0000 0.0000
 13.1000 0.0000 0.0000 0.0000
 13.2000 0.0000 0.0000 0.0000
 13.3000 0.0000 0.0000 0.0000
 13.4000 0.0000 0.0000 0.0000
 13.5000 0.0000 0.0000 0.0000
 13.6000 0.0000 0.0000 0.0000
 13.7000 0.0000 0.0000 0.0000
 13.8000 0.0000 0.0000 0.0000
 13.9000 0.0000 0.0000 0.0000
 14.0000 0.0000 0.0000 0.0000
 14.1000 0.0000 0.0000 0.0000
 14.2000 0.0000 0.0000 0.0000
 14.3000 0.0000 0.0000 0.0000
 14.4000 0.0000 0.0000 0.0000
 14.5000 0.0000 0.0000 0.0000
 14.6000 0.0000 0.0000 0.0000
 14.7000 0.0000 0.0000 0.0000
 14.8000 0.0000 0.0000 0.0000
 14.9000 0.0000 0.0000 0.0000
 15.0000 0.0000 0.0000 0.0000
 15.1000 0.0000 0.0000 0.0000
 15.2000 0.0000 0.0000 0.0000
 15.3000 0.0000 0.0000 0.0000
 15.4000 0.0000 0.0000 0.0000
 15.5000 0.0000 0.0000 0.0000
 15.6000 0.0000 0.0000 0.0000
 15.7000 0.0000 0.0000 0.0000
 15.8000 0.0000 0.0000 0.0000
 15.9000 0.0000 0.0000 0.0000
 16.0000 0.0000 0.0000 0.0000
 16.1000 0.0000 0.0000 0.0000
 16.2000 0.0000 0.0000 0.0000
 16.3000 0.0000 0.0000 0.0000
 16.4000 0.0000 0.0000 0.0000
 16.5000 0.0000 0.0000 0.0000
 16.6000 0.0000 0.0000 0.0000
 16.7000 0.0000 0.0000 0.0000
 16.8000 0.0000 0.0000 0.0000
 16.9000 0.0000 0.0000 0.0000
 17.0000 0.0000 0.0000 0.0000
 17.1000 0.0000 0.0000 0.0000
 17.2000 0.0000 0.0000 0.0000
 17.3000 0.0000 0.0000 0.0000
 17.4000 0.0000 0.0000 0.0000
 17.5000 0.0000 0.0000 0.0000
 17.6000 0.0000 0.0000 0.0000
 17.7000 0.0000 0.0000 0.0000
 17.8000 0.0000 0.0000 0.0000
 17.9000 0.0000 0.0000 0.0000
 18.0000 0.0000 0.0000 0.0000
 18.1000 0.0000 0.0000 0.0000
 18.2000 0.0000 0.0000 0.0000
 18.3000 0.0000 0.0000 0.0000
 18.4000 0.0000 0.0000 0.0000
 18.5000 0.0000 0.0000 0.0000
 18.6000 0.0000 0.0000 0.0000
 18.7000 0.0000 0.0000 0.0000
 18.8000 0.0000 0.0000 0.0000
 18.9000 0.0000 0.0000 0.0000
 19.0000 0.0000 0.0000 0.0000
 19.1000 0.0000 0.0000 0.0000
 19.2000 0.0000 0.0000 0.0000
 19.3000 0.0000 0.0000 0.0000
 19.4000 0.0000 0.0000 0.0000
 19.5000 0.0000 0.0000 0.0000
 19.6000 0.0000 0.0000 0.0000
 19.7000 0.0000 0.0000 0.0000
 19.8000 0.0000 0.0000 0.0000
 19.9000 0.0000 0.0000 0.0000
 20.0000 0.0000 0.0000 0.0000
 20.1000 0.0000 0.0000 0.0000
 20.2000 0.0000 0.0000 0.0000
 20.3000 0.0000 0.0000 0.0000
 20.4000 0.0000 0.0000 0.0000
 20.5000 0.0000 0.0000 0.0000
 20.6000 0.0000 0.0000 0.0000
 20.7000 0.0000 0.0000 0.0000
 20.8000 0.0000 0.0000 0.0000
 20.9000 0.0000 0.0000 0.0000
 21.0000 0.0000 0.0000 0.0000
 21.1000 0.0000 0.0000 0.0000
 21.2000 0.0000 0.0000 0.0000
 21.3000 0.0000 0.0000 0.0000
 21.4000 0.0000 0.0000 0.0000
 21.5000 0.0000 0.0000 0.0000
 21.6000 0.0000 0.0000 0.0000
 21.7000 0.0000 0.0000 0.0000
 21.8000 0.0000 0.0000 0.0000
 21.9000 0.0000 0.0000 0.0000
 22.0000 0.0000 0.0000 0.0000
 22.1000 0.0000 0.0000 0.0000
 22.2000 0.0000 0.0000 0.0000
 22.3000 0.0000 0.0000 0.0000
 22.4000 0.0000 0.0000 0.0000
 22.5000 0.0000 0.0000 0.0000
 22.6000 0.0000 0.0000 0.0000
 22.7000 0.0000 0.0000 0.0000
 22.8000 0.0000 0.0000 0.0000
 22.9000 0.0000 0.0000 0.0000
 23.0000 0.0000 0.0000 0.0000
 23.1000 0.0000 0.0000 0.0000
 23.2000 0.0000 0.0000 0.0000
 23.3000 0.0000 0.0000 0.0000
 23.4000 0.0000 0.0000 0.0000
 23.5000 0.0000 0.0000 0.0000
 23.6000 0.0000 0.0000 0.0000
 23.7000 0.0000 0.0000 0.0000
 23.8000 0.0000 0.0000 0.0000
 23.9000 0.0000 0.0000 0.0000
 24.0000 0.0000 0.0000 0.0000
 24.1000 0.0000 0.0000 0.0000
 24.2000 0.0000 0.0000 0.0000
 24.3000 0.0000 0.0000 0.0000
 24.4000 0.0000 0.0000 0.0000
 24.5000 0.0000 0.0000 0.0000
 24.6000 0.0000 0.0000 0.0000
 24.7000 0.0000 0.0000 0.0000
 24.8000 0.0000 0.0000 0.0000
 24.9000 0.0000 0.0000 0.0000
 25.0000 0.0000 0.0000 0.0000
 25.1000 0.0000 0.0000 0.0000
 25.2000 0.0000 0.0000 0.0000
 25.3000 0.0000 0.0000 0.0000
 25.4000 0.0000 0.0000 0.0000
 25.5000 0.0000 0.0000 0.0000
 25.6000 0.0000 0.0000 0.0000
 25.7000 0.0000 0.0000 0.0000
 25.8000 0.0000 0.0000 0.0000
 25.9000 0.0000 0.0000 0.0000
 26.0000 0.0000 0.0000 0.0000
 26.1000 0.0000 0.0000 0.0000
 26.2000 0.0000 0.0000 0.0000
 26.3000 0.0000 0.0000 0.0000
 26.4000 0.0000 0.0000 0.0000
 26.5000 0.0000 0.0000 0.0000
 26.6000 0.0000 0.0000 0.0000
 26.7000 0.0000 0.0000 0.0000
 26.8000 0.0000 0.0000 0.0000
 26.9000 0.0000 0.0000 0.0000
 27.0000 0.0000 0.0000 0.0000
 27.1000 0.0000 0.0000 0.0000
 27.2000 0.0000 0.0000 0.0000
 27.3000 0.0000 0.0000 0.0000
 27.4000 0.0000 0.0000 0.0000
 27.5000 0.0000 0.0000 0.0000
 27.6000 0.0000 0.0000 0.0000
 0.0000 0.0000 0.0000 0.0000
 0.1000 0.0000 0.0000 0.0000
 0.2000 0.0000 0.0000 0.0000
 0.3000 0.0000 0.0000 0.0000
 0.4000 0.0000 0.0000 0.0000
 0.5000 0.0000 0.0000 0.0000
 0.6000 0.0000 0.0000 0.0000
 0.7000 0.0000 0.0000 0.0000
 0.8000 0.0000 0.0000 0.0000
 0.9000 0.0000 0.0000 0.0000
 1.0000 0.0000 0.0000 0.0000
 1.1000 0.0000 0.0000 0.0000
 1.2000 0.0000 0.0000 0.0000
 1.3000 0.0000 0.0000 0.0000
 1.4000 0.0000 0.0000 0.0000
 1.5000 0.0000 0.0000 0.0000
 1.6000 0.0000 0.0000 0.0000
 1.7000 0.0000 0.0000 0.0000
 1.8000 0.0000 0.0000 0.0000
 1.9000 0.0000 0.0000 0.0000
 2.0000 0.0000 0.0000 0.0000
 2.1000 0.0000 0.0000 0.0000
 2.2000 0.0000 0.0000 0.0000
 2.3000 0.0000 0.0000 0.0000
 2.4000 0.0000 0.0000 0.0000
 2.5000 0.0000 0.0000 0.0000
 2.6000 0.0000 0.0000 0.0000
 2.7000 0.0000 0.0000 0.0000
 2.8000 0.0000 0.0000 0.0000
 2.9000 0.0000 0.0000 0.0000
 3.0000 0.0000 0.0000 0.0000
 3.1000 0.0000 0.0000 0.0000
 3.2000 0.0000 0.0000 0.0000
 3.3000 0.0000 0.0000 0.0000
 3.4000 0.0000 0.0000 0.0000
 3.5000 0.0000 0.0000 0.0000
 3.6000 0.0000 0.0000 0.0000
 3.7000 0.0000 0.0000 0.0000
 3.8000 0.0000 0.0000 0.0000
 3.9000 0.0000 0.0000 0.0000
 4.0000 0.0000 0.0000 0.0000
 4.1000 0.0000 0.0000 0.0000
 4.2000 0.0000 0.0000 0.0000
 4.3000 0.0000 0.0000 0.0000
 4.4000 0.0000 0.0000 0.0000
 4.5000 0.0000 0.0000 0.0000
 4.6000 0.0000 0.0000 0.0000
 4.7000 0.0000 0.0000 0.0000
 4.8000 0.0000 0.0000 0.0000
 4.9000 0.0000 0.0000 0.0000
 5.0000 0.0000 0.0000 0.0000
 5.1000 0.0000 0.0000 0.0000
 5.2000 0.0000 0.0000 0.0000
 5.3000 0.0000 0.0000 0.0000
 5.4000 0.0000 0.0000 0.0000
 5.5000 0.0000 0.0000 0.0000
 5.6000 0.0000 0.0000 0.0000
 5.7000 0.0000 0.0000 0.0000
 5.8000 0.0000 0.0000 0.0000
 5.9000 0.0000 0.0000 0.0000
 6.0000 0.0000 0.0000 0.0000
 6.1000 0.0000 0.0000 0.0000
 6.2000 0.0000 0.0000 0.0000
 6.3000 0.0000 0.0000 0.0000
 6.4000 0.0000 0.0000 0.0000
 6.5000 0.0000 0.0000 0.0000
 6.6000 0.0000 0.0000 0.0000
 6.7000 0.0000 0.0000 0.0000
 6.8000 0.0000 0.0000 0.0000
 6.9000 0.0000 0.0000 0.0000
 7.0000 0.0000 0.0000 0.0000
 7.1000 0.0000 0.0000 0.0000
 7.2000 0.0000 0.0000 0.0000
 7.3000 0.0000 0.0000 0.0000
 7.4000 0.0000 0.0000 0.0000
 7.5000 0.0000 0.0000 0.0000
 7.6000 0.0000 0.0000 0.0000
 7.7000 0.0000 0.0000 0.0000
 7.8000 0.0000 0.0000 0.0000
 7.9000 0.0000 0.0000 0.0000
 8.0000 0.0000 0.0000 0.0000
 8.1000 0.0000 0.0000 0.0000
 8.2000 0.0000 0.0000 0.0000
 8.3000 0.0000 0.0000 0.0000
 8.4000 0.0000 0.0000 0.0000
 8.5000 0.0000 0.0000 0.0000
 8.6000 0.0000 0.0000 0.0000
 8.7000 0.0000 0.0000 0.0000
 8.8000 0.0000 0.0000 0.0000
 8.9000 0.0000 0.0000 0.0000
 9.0000 0.0000 0.0000 0.0000
 9.1000 0.0000 0.0000 0.0000
 9.2000 0.0000 0.0000 0.0000
 9.3000 0.0000 0.0000 0.0000
 9.4000 0.0000 0.0000 0.0000
 9.5000 0.0000 0.0000 0.0000
 9.6000 0.0000 0.0000 0.0000
 9.7000 0.0000 0.0000 0.0000
 9.8000 0.0000 0.0000 0.0000
 9.9000 0.0000 0.0000 0.0000
 10.0000 0.0000 0.0000 0.0000
 10.1000 0.0000 0.0000 0.0000
 10.2000 0.0000 0.0000 0.0000
 10.3000 0.0000 0.0000 0.0000
 10.4000 0.0000 0.0000 0.0000
 10.5000 0.0000 0.0000 0.0000
 10.6000 0.0000 0.0000 0.0000
 10.7000 0.0000 0.0000 0.0000
 10.8000 0.0000 0.0000 0.0000
 10.9000 0.0000 0.0000 0.0000
 11.0000 0.0000 0.0000 0.0000
 11.1000 0.0000 0.0000 0.0000
 11.2000 0.0000 0.0000 0.0000
 11.3000 0.0000 0.0000 0.0000
 11.4000 0.0000 0.0000 0.0000
 11.5000 0.0000 0.0000 0.0000
 11.6000 0.0000 0.0000 0.0000
 11.7000 0.0000 0.0000 0.0000
 11.8000 0.0000 0.0000 0.0000
 11.9000 0.0000 0.0000 0.0000
 12.0000 0.0000 0.0000 0.0000
 12.1000 0.0000 0.0000 0.0000
 12.2000 0.0000 0.0000 0.0000
 12.3000 0.0000 0.0000 0.0000
 12.4000 0.0000 0.0000 0.0000
 12.5000 0.0000 0.0000 0.0000
 12.6000 0.0000 0.0000 0.0000
 12.7000 0.0000 0.0000 0.0000
 12.8000 0.0000 0.0000 0.0000
 12.9000 0.0000 0.0000 0.0000
 13.0000 0.0000 0.0000 0.0000
 13.1000 0.0000 0.0000 0.0000
 13.2000 0.0000 0.0000 0.0000
 13.3000 0.0000 0.0000 0.0000
 13.4000 0.0000 0.0000 0.0000
 13.5000 0.0000 0.0000 0.0000
 13.6000 0.0000 0.0000 0.0000
 13.7000 0.0000 0.0000 0.0000
 13.8000 0.0000 0.0000 0.0000
 13.9000 0.0000 0.0000 0.0000
 14.0000 0.0000 0.0000 0.0000
 14.1000 0.0000 0.0000 0.0000
 14.2000 0.0000 0.0000 0.0000
 14.3000 0.0000 0.0000 0.0000
 14.4000 0.0000 0.0000 0.0000
 14.5000 0.0000 0.0000 0.0000
 14.6000 0.0000 0.0000 0.0000
 14.7000 0.0000 0.0000 0.0000
 14.8000 0.0000 0.0000 0.0000
 14.9000 0.0000 0.0000 0.0000
 15.0000 0.0000 0.0000 0.0000
 15.1000 0.0000 0.0000 0.0000
 15.2000 0.0000 0.0000 0.0000
 15.3000 0.0000 0.0000 0.0000
 15.4000 0.0000 0.0000 0.0000
 15.5000 0.0000 0.0000 0.0000
 15.6000 0.0000 0.0000 0.0000
 15.7000 0.0000 0.0000 0.0000
 15.8000 0.0000 0.0000 0.0000
 15.9000 0.0000 0.0000 0.0000
 16.0000 0.0000 0.0000 0.0000
 16.1000 0.0000 0.0000 0.0000
 16.2000 0.0000 0.0000 0.0000
 16.3000 0.0000 0.0000 0.0000
 16.4000 0.0000 0.0000 0.0000
 16.5000 0.0000 0.0000 0.0000
 16.6000 0.0000 0.0000 0.0000
 16.7000 0.0000 0.0000 0.0000
 16.8000 0.0000 0.0000 0.0000
 16.9000 0.0000 0.0000 0.0000
 17.0000 0.0000 0.0000 0.0000
 17.1000 0.0000 0.0000 0.0000
 17.2000 0.0000 0.0000 0.0000
 17.3000 0.0000 0.0000 0.0000
 17.4000 0.0000 0.0000 0.0000
 17.5000 0.0000 0.0000 0.0000
 17.6000 0.0000 0.0000 0.0000
 17.7000 0.0000 0.0000 0.0000
 17.8000 0.0000 0.0000 0.0000
 17.9000 0.0000 0.0000 0.0000
 18.0000 0.0000 0.0000 0.0000
 18.1000 0.0000 0.0000 0.0000
 18.2000 0.0000 0.0000 0.0000
 18.3000 0.0000 0.0000 0.0000
 18.4000 0.0000 0.0000 0.0000
 18.5000 0.0000 0.0000 0.0000
 18.6000 0.0000 0.0000 0.0000
 18.7000 0.0000 0.0000 0.0000
 18.8000 0.0000 0.0000 0.0000
 18.9000 0.0000 0.0000 0.0000
 19.0000 0.0000 0.0000 0.0000
 19.1000 0.0000 0.0000 0.0000
 19.2000 0.0000 0.0000 0.0000
 19.3000 0.0000 0.0000 0.0000
 19.4000 0.0000 0.0000 0.0000
 19.5000 0.0000 0.0000 0.0000
 19.6000 0.0000 0.0000 0.0000
 19.7000 0.0000 0.0000 0.0000
 19.8000 0.0000 0.0000 0.0000
 19.9000 0.0000 0.0000 0.0000
 20.0000 0.0000 0.0000 0.0000
 20.1000 0.0000 0.0000 0.0000
 20.2000 0.0000 0.0000 0.0000
 20.3000 0.0000 0.0000 0.0000
 20.4000 0.0000 0.0000 0.0000
 20.5000 0.0000 0.0000 0.0000
 20.6000 0.0000 0.0000 0.0000
 20.7000 0.0000 0.0000 0.0000
 20.8000 0.0000 0.0000 0.0000
 20.9000 0.0000 0.0000 0.0000
 21.0000 0.0000 0.0000 0.0000
 21.1000 0.0000 0.0000 0.0000
 21.2000 0.0000 0.0000 0.0000
 21.3000 0.0000 0.0000 0.0000
 21.4000 0.0000 0.0000 0.0000
 21.5000 0.0000 0.0000 0.0000
 21.6000 0.0000 0.0000 0.0000
 21.7000 0.0000 0.0000 0.0000
 21.8000 0.0000 0.0000 0.0000
 21.9000 0.0000 0.0000 0.0000
 22.0000 0.0000 0.0000 0.0000
 22.1000 0.0000 0.0000 0.0000
 22.2000 0.0000 0.0000 0.0000
 22.3000 0.0000 0.0000 0.0000
 22.4000 0.0000 0.0000 0.0000
 22.5000 0.0000 0.0000 0.0000
 22.6000 0.0000 0.0000 0.0000
 22.7000 0.0000 0.0000 0.0000
 22.8000 0.0000 0.0000 0.0000
 22.9000 0.0000 0.0000 0.0000
 23.0000 0.0000 0.0000 0.0000
 23.1000 0.0000 0.0000 0.0000
 23.2000 0.0000 0.0000 0.0000
 23.3000 0.0000 0.0000 0.0000
 23.4000 0.0000 0.0000 0.0000
 23.5000 0.0000 0.0000 0.0000
 23.6000 0.0000 0.0000 0.0000
 23.7000 0.0000 0.0000 0.0000
 23.8000 0.0000 0.0000 0.0000
 23.9000 0.0000 0.0000 0.0000
 24.0000 0.0000 0.0000 0.0000
 24.1000 0.0000 0.0000 0.0000
 24.2000 0.0000 0.0000 0.0000
 24.3000 0.0000 0.0000 0.0000
 24.4000 0.0000 0.0000 0.0000
 24.5000 0.0000 0.0000 0.0000
 24.6000 0.0000 0.0000 0.0000
 24.7000 0.0000 0.0000 0.0000
 24.8000 0.0000 0.0000 0.0000
 24.9000 0.0000 0.0000 0.0000
 25.0000 0.0000 0.0000 0.0000
 25.1000 0.0000 0.0000 0.0000
 25.2000 0.0000 0.0000 0.0000
 25.3000 0.0000 0.0000 0.0000
 25.4000 0.0000 0.0000 0.0000
 25.5000 0.0000 0.0000 0.0000
 25.6000 0.0000 0.0000 0.0000
 25.7000 0.0000 0.0000 0.0000
 25.8000 0.0000 0.0000 0.0000
 25.9000 0.0000 0.0000 0.0000
 26.0000 0.0000 0.0000 0.0000
 26.1000 0.0000 0.0000 0.0000
 26.2000 0.0000 0.0000 0.0000
 26.3000 0.0000 0.0000 0.0000
 26.4000 0.0000 0.0000 0.0000
 26.5000 0.0000 0.0000 0.0000
 26.6000 0.0000 0.0000 0.0000
 26.7000 0.0000 0.0000 0.0000
 26.8000 0.0000 0.0000 0.0000
 26.9000 0.0000 0.0000 0.0000
 27.0000 0.0000 0.0000 0.0000
 27.1000 0.0000 0.0000 0.0000
 27.2000 0.0000 0.0000 0.0000
 27.3000 0.0000 0.0000 0.0000
 27.4000 0.0000 0.0000 0.0000
 27.5000 0.0000 0.0000 0.0000
 27.6000 0.0000 0.0000 0.0000
 27.7000 0.0000 0.0000 0.0000
 27.8000 0.0000 0.0000 0.0000
 27.9000 0.0000 0.0000 0.0000
 28.0000 0.0000 0.0000 0.0000
 28.1000 0.0000 0.0000 0.0000
 28.2000 0.0000 0.0000 0.0000
 28.3000 0.0000 0.0000 0.0000
 28.4000 0.0000 0.0000 0.0000
 28.5000 0.0000 0.0000 0.0000
 28.6000 0.0000 0.0000 0.0000
 28.7000 0.0000 0.0000 0.0000
 28.8000 0.0000 0.0000 0.0000
 28.9000 0.0000 0.0000 0.0000
 29.0000 0.0000 0.0000 0.0000
 29.1000 0.0000 0.0000 0.0000
 29.2000 0.0000 0.0000 0.0000
 29.3000 0.0000 0.0000 0.0000
 29.4000 0.0000 0.0000 0.0000
 29.5000 0.0000 0.0000 0.0000
 29.6000 0.0000 0.0000 0.0000
 29.7000 0.0000 0.0000 0.0000
 29.8000 0.0000 0.0000 0.0000
 29.9000 0.0000 0.0000 0.0000
 30.0000 0.0000 0.0000 0.0000
 30.1000 0.0000 0.0000 0.0000
 30.2000 0.0000 0.0000 0.0000
 30.3000 0.0000 0.0000 0.0000
 30.4000 0.0000 0.0000 0.0000
 30.5000 0.0000 0.0000 0.0000
 30.6000 0.0000 0.0000 0.0000
 30.7000 0.0000 0.0000 0.0000
 30.8000 0.0000 0.0000 0.0000
 30.9000 0.0000 0.0000 0.0000
 31.0000 0.0000 0.0000 0.0000
 31.1000 0.0000 0.0000 0.0000
 31.2000 0.0000 0.0000 0.0000
 31.3000 0.0000 0.0000 0.0000
 31.4000 0.0000 0.0000 0.0000
 31.5000 0.0000 0.0000 0.0000
 31.6000 0.0000 0.0000 0.0000
 31.7000 0.0000 0.0000 0.0000
 31.8000 0.0000 0.0000 0.0000
 31.9000 0.0000 0.0000 0.0000
 32.0000 0.0000 0.0000 0.0000
 32.1000 0.0000 0.0000 0.0000
 32.2000 0.0000 0.0000 0.0000
 32.3000 0.0000 0.0000 0.0000
 32.4000 0.0000 0.0000 0.0000
 32.5000 0.0000 0.0000 0.0000
 32.6000 0.0000 0.0000 0.0000
 32.7000 0.0000 0.0000 0.0000
 32.8000 0.0000 0.0000 0.0000
 32.9000 0.0000 0.0000 0.0000
 33.0000 0.0000 0.0000 0.0000
 33.1000 0.0000 0.0000 0.0000
 33.2000 0.0000 0.0000 0.0000
 33.3000 0.0000 0.0000 0.0000
 33.4000 0.0000 0.0000 0.0000
 33.5000 0.0000 0.0000 0.0000
 33.6000 0.0000 0.0000 0.0000
 33.7000 0.0000 0.0000 0.0000
 33.8000 0.0000 0.0000 0.0000
 33.9000 0.0000 0.0000 0.0000
 34.0000 0.0000 0.0000 0.0000
 34.1000 0.0000 0.0000 0.0000
 34.2000 0.0000 0.0000 0.0000
 34.3000 0.0000 0.0000 0.0000
 34.4000 0.0000 0.0000 0.0000
 34.5000 0.0000 0.0000 0.0000
 34.6000 0.0000 0.0000 0.0000
 34.7000 0.0000 0.0000 0.0000
 34.8000 0.0000 0.0000 0.0000
 34.9000 0.0000 0.0000 0.0000
 35.0000 0.0000 0.0000 0.0000
 35.1000 0.0000 0.0000 0.0000
 35.2000 0.0000 0.0000 0.0000
 35.3000 0.0000 0.0000 0.0000
 35.4000 0.0000 0.0000 0.0000
 35.5000 0.0000 0.0000 0.0000
 35.6000 0.0000 0.0000 0.0000
 35.7000 0.0000 0.0000 0.0000
 35.8000 0.0000 0.0000 0.0000
 35.9000 0.0000 0.0000 0.0000
 36.0000 0.0000 0.0000 0.0000
 36.1000 0.0000 0.0000 0.0000
 36.2000 0.0000 0.0000 0.0000
 36.3000 0.0000 0.0000 0.0000
 36.4000 0.0000 0.0000 0.0000
 36.5000 0.0000 0.0000 0.0000
 36.6000 0.0000 0.0000 0.0000
 36.7000 0.0000 0.0000 0.0000
 36.8000 0.0000 0.0000 0.0000
 36.9000 0.0000 0.0000 0.0000
 37.0000 0.0000 0.0000 0.0000
 37.1000 0.0000 0.0000 0.0000
 37.2000 0.0000 0.0000 0.0000
 37.3000 0.0000 0.0000 0.0000
 37.4000 0.0000 0.0000 0.0000
 37.5000 0.0000 0.0000 0.0000
 37.6000 0.0000 0.0000 0.0000
 37.7000 0.0000 0.0000 0.0000
 37.8000 0.0000 0.0000 0.0000
 37.9000 0.0000 0.0000 0.0000
 38.0000 0.0000 0.0000 0.0000
 38.1000 0.0000 0.0000 0.0000
 38.2000 0.0000 0.0000 0.0000
 38.3000 0.0000 0.0000 0.0000
 38.4000 0.0000 0.0000 0.0000
 38.5000 0.0000 0.0000 0.0000
 38.6000 0.0000 0.0000 0.0000
 38.7000 0.0000 0.0000 0.0000
 38.8000 0.0000 0.0000 0.0000
 38.9000 0.0000 0.0000 0.0000
 39.0000 0.0000 0.0000 0.0000
 39.1000 0.0000 0.0000 0.0000
 39.2000 0.0000 0.0000 0.0000
 39.3000 0.0000 0.0000 0.0000
 39.4000 0.0000 0.0000 0.0000
 39.5000 0.0000 0.0000 0.0000
 39.6000 0.0000 0.0000 0.0000
 39.7000 0.0000 0.0000 0.0000
 39.8000 0.0000 0.0000 0.0000
 39.9000 0.0000 0.0000 0.0000
 40.0000 0.0000 0.0000 0.0000
 40.1000 0.0000 0.0000 0.0000
 40.2000 0.0000 0.0000 0.0000
 40.3000 0.0000 0.0000 0.0000
 40.4000 0.0000 0.0000 0.0000
 40.5000 0.0000 0.0000 0.0000
 40.6000 0.0000 0.0000 0.0000
 40.7000 0.0000 0.0000 0.0000
 40.8000 0.0000 0.0000 0.0000
 40.9000 0.0000 0.0000 0.0000
 41.0000 0.0000 0.0000 0.0000
 41.1000 0.0000 0.0000 0.0000
 41.2000 0.0000 0.0000 0.0000
 41.3000 0.0000 0.0000 0.0000
 41.4000 0.0000 0.0000 0.0000
 41.5000 0.0000 0.0000 0.0000
 41.6000 0.0000 0.0000 0.0000
 41.7000 0.0000 0.0000 0.0000
 41.8000 0.0000 0.0000 0.0000
 41.9000 0.0000 0.0000 0.0000
 42.0000 0.0000 0.0000 0.0000
 42.1000 0.0000 0.0000 0.0000
 42.2000 0.0000 0.0000 0.0000
 42.3000 0.0000 0.0000 0.0000
 42.4000 0.0000 0.0000 0.0000
 42.5000 0.0000 0.0000 0.0000
 42.6000 0.0000 0.0000 0.0000
 42.7000 0.0000 0.0000 0.0000
 42.8000 0.0000 0.0000 0.0000
 42.9000 0.0000 0.0000 0.0000
 43.0000 0.0000 0.0000 0.0000
 43.1000 0.0000 0.0000 0.0000
 43.2000 0.0000 0.0000 0.0000
 43.3000 0.0000 0.0000 0.0000
 43.4000 0.0000 0.0000 0.0000
 43.5000 0.0000 0.0000 0.0000
 43.6000 0.0000 0.0000 0.0000
 43.7000 0.0000 0.0000 0.0000
 43.8000 0.0000 0.0000 0.0000
 43.9000 0.0000 0.0000 0.0000
 44.0000 0.0000 0.0000 0.0000
 44.1000 0.0000 0.0000 0.0000
 44.2000 0.0000 0.0000 0.0000
 44.3000 0.0000 0.0000 0.0000
 44.4000 0.0000 0.0000 0.0000
 44.5000 0.0000 0.0000 0.0000
 44.6000 0.0000 0.0000 0.0000
 44.7000 0.0000 0.0000 0.0000
 44.8000 0.0000 0.0000 0.0000
 44.9000 0.0000 0.0000 0.0000
 45.0000 0.0000 0.0000 0.0000
 45.1000 0.0000 0.0000 0.0000
 45.2000 0.0000 0.0000 0.0000
 45.3000 0.0000 0.0000 0.0000
 45.4000 0.0000 0.0000 0.0000
 45.5000 0.0000 0.0000 0.0000
 45.6000 0.0000 0.0000 0.0000
 45.7000 0.0000 0.0000 0.0000
 45.8000 0.0000 0.0000 0.0000
 45.9000 0.0000 0.0000 0.0000
 46.0000 0.0000 0.0000 0.0000
 46.1000 0.0000 0.0000 0.0000
 46.2000 0.0000 0.0000 0.0000
 46.3000 0.0000 0.0000 0.0000
 46.4000 0.0000 0.0000 0.0000
 46.5000 0.0000 0.0000 0.0000
 46.6000 0.0000 0.0000 0.0000
 46.7000 0.0000 0.0000 0.0000
 46.8000 0.0000 0.0000 0.0000
 46.9000 0.0000 0.0000 0.0000
 47.0000 0.0000 0.0000 0.0000
 47.1000 0.0000 0.0000 0.0000
 47.2000 0.0000 0.0000 0.0000
 47.3000 0.0000 0.0000 0.0000
 47.4000 0.0000 0.0000 0.0000
 47.5000 0.0000 0.0000 0.0000
 47.6000 0.0000 0.0000 0.0000
 47.7000 0.0000 0.0000 0.0000
 47.8000 0.0000 0.0000 0.0000
 47.9000 0.0000 0.0000 0.0000
 48.0000 0.0000 0.0000 0.0000
 48.1000 0.0000 0.0000 0.0000
 48.2000 0.0000 0.0000 0.0000
 48.3000 0.0000 0.0000 0.0000
 48.4000 0.0000 0.0000 0.0000
 48.5000 0.0000 0.0000 0.0000
 48.6000 0.0000 0.0000 0.0000
 48.7000 0.0000 0.0000 0.0000
 48.8000 0.0000 0.0000 0.0000
 48.9000 0.0000 0.0000 0.0000
 49.0000 0.0000 0.0000 0.0000
 49.1000 0.0000 0.0000 0.0000
 49.2000 0.0000 0.0000 0.0000
 49.3000 0.0000 0.0000 0.0000
 49.4000 0.0000 0.0000 0.0000
 49.5000 0.0000 0.0000 0.0000
 49.6000 0.0000 0.0000 0.0000
 49.7000 0.0000 0.0000 0.0000
 49.8000 0.0000 0.0000 0.0000
 49.9000 0.0000 0.0000 0.0000
 50.0000 0.0000 0.0000 0.0000
 50.1000 0.0000 0.0000 0.0000
 50.2000 0.0000 0.0000 0.0000
 50.3000 0.0000 0.0000 0.0000
 50.4000 0.0000 0.0000 0.0000
 50.5000 0.0000 0.0000 0.0000
 50.6000 0.0000 0.0000 0.0000
 50.7000 0.0000 0.0000 0.0000
 50.8000 0.0000 0.0000 0.0000
 50.9000 0.0000 0.0000 0.0000
 51.0000 0.0000 0.0000 0.0000
 51.1000 0.0000 0.0000 0.0000
 51.2000 0.0000 0.0000 0.0000
 51.3000 0.0000 0.0000 0.0000
 51.4000 0.0000 0.0000 0.0000
 51.5000 0.0000 0.0000 0.0000
 51.6000 0.0000 0.0000 0.0000
 51.7000 0.0000 0.0000 0.0000
 51.8000 0.0000 0.0000 0.0000
 51.9000 0.0000 0.0000 0.0000
 52.0000 0.0000 0.0000 0.0000
 52.1000 0.0000 0.0000 0.0000
 52.2000 0.0000 0.0000 0.0000
 52.3000 0.0000 0.0000 0.0000
 52.4000 0.0000 0.0000 0.0000
 52.5000 0.0000 0.0000 0.0000
 52.6000 0.0000 0.0000 0.0000
 52.7000 0.0000 0.0000 0.0000
 52.8000 0.0000 0.0000 0.0000
 52.9000 0.0000 0.0000 0.0000
 53.0000 0.0000 0.0000 0.0000
 53.1000 0.0000 0.0000 0.0000
 53.2000 0.0000 0.0000 0.0000
 53.3000 0.0000 0.0000 0.0000
 53.4000 0.0000 0.0000 0.0000
 53.5000 0.0000 0.0000 0.0000
 53.6000 0.0000 0.0000 0.0000
 53.7000 0.0000 0.0000 0.0000
 53.8000 0.0000 0.0000 0.0000
 53.9000 0.0000 0.0000 0.0000
 54.0000 0.0000 0.0000 0.0000
 54.1000 0.0000 0.0000 0.0000
 54.2000 0.0000 0.0000 0.0000
 54.3000 0.0000 0.0000 0.0000
 54.4000 0.0000 0.0000 0.0000
 54.5000 0.0000 0.0000 0.0000
 54.6000 0.0000 0.0000 0.0000
 54.7000 0.0000 0.0000 0.0000
 54.8000 0.0000 0.0000 0.0000
 54.9000 0.0000 0.0000 0.0000
 55.0000 0.0000 0.0000 0.0000
 55.1000 0.0000 0.0000 0.0000
 55.2000 0.0000 0.0000 0.0000
 55.3000 0.0000 0.0000 0.0000
 55.4000 0.0000 0.0000 0.0000
 55.5000 0.0000 0.0000 0.0000
 55.6000 0.0000 0.0000 0.0000
 55.7000 0.0000 0.0000 0.0000
 55.8000 0.0000 0.0000 0.0000
 55.9000 0.0000 0.0000 0.0000
 56.0000 0.0000 0.0000 0.0000
 56.1000 0.0000 0.0000 0.0000
 56.2000 0.0000 0.0000 0.0000
 56.3000 0.0000 0.0000 0.0000
 56.4000 0.0000 0.0000 0.0000
 56.5000 0.0000 0.0000 0.0000
 56.6000 0.0000 0.0000 0.0000
 56.7000 0.0000 0.0000 0.0000
 56.8000 0.0000 0.0000 0.0000
 56.9000 0.0000 0.0000 0.0000
 57.0000 0.0000 0.0000 0.0000
 57.1000 0.0000 0.0000 0.0000
 57.2000 0.0000 0.0000 0.0000
 57.3000 0.0000 0.0000 0.0000
 57.4000 0.0000 0.0000 0.0000
 57.5000 0.0000 0.0000 0.0000
 57.6000 0.0000 0.0000 0.0000
 57.7000 0.0000 0.0000 0.0000
 57.8000 0.0000 0.0000 0.0000
 57.9000 0.0000 0.0000 0.0000
 58.0000 0.0000 0.0000 0.0000
 58.1000 0.0000 0.0000 0.0000
 58.2000 0.0000 0.0000 0.0000
 58.3000 0.0000 0.0000 0.0000
 58.4000 0.0000 0.0000 0.0000
 58.5000 0.0000 0.0000 0.0000
 58.6000 0.0000 0.0000 0.0000
 58.7000 0.0000 0.0000 0.0000
 58.8000 0.0000 0.0000 0.0000
 58.9000 0.0000 0.0000 0.0000
 59.0000 0.0000 0.0000 0.0000
 59.1000 0.0000 0.0000 0.0000
 59.2000 0.0000 0.0000 0.0000
 59.3000 0.0000 0.0000 0.0000
 59.4000 0.0000 0.0000 0.0000
 59.5000 0.0000 0.0000 0.0000
 59.6000 0.0000 0.0000 0.0000
 59.7000 0.0000 0.0000 0.0000
 59.8000 0.0000 0.0000 0.0000
 59.9000 0.0000 0.0000 0.0000
 60.0000 0.0000 0.0000 0.0000
 60.1000 0.0000 0.0000 0.0000
 60.2000 0.0000 0.0000 0.0000
 60.3000 0.0000 0.0000 0.0000
 60.4000 0.0000 0.0000 0.0000
 60.5000 0.0000 0.0000 0.0000
 60.6000 0.0000 0.0000 0.0000
 60.7000 0.0000 0.0000 0.0000
 60.8000 0.0000 0.0000 0.0000
 60.9000 0.0000 0.0000 0.0000
 61.0000 0.0000 0.0000 0.0000
 61.1000 0.0000 0.0000 0.0000
 61.2000 0.0000 0.0000 0.0000
 61.3000 0.0000 0.0000 0.0000
 61.4000 0.0000 0.0000 0.0000
 61.5000 0.0000 0.0000 0.0000
 61.6000 0.0000 0.0000 0.0000
 61.7000 0.0000 0.0000 0.0000
 61.8000 0.0000 0.0000 0.0000
 61.9000 0.0000 0.0000 0.0000
 62.0000 0.0000 0.0000 0.0000
 62.1000 0.0000 0.0000 0.0000
 62.2000 0.0000 0.0000 0.0000
 62.3000 0.0000 0.0000 0.0000
 62.4000 0.0000 0.0000 0.0000
 62.5000 0.0000 0.0000 0.0000
 62.6000 0.0000 0.0000 0.0000
 62.7000 0.0000 0.0000 0.0000
 62.8000 0.0000 0.0000 0.0000
 62.9000 0.0000 0.0000 0.0000
 63.0000 0.0000 0.0000 0.0000
 63.1000 0.0000 0.0000 0.0000
 63.2000 0.0000 0.0000 0.0000
 63.3000 0.0000 0.0000 0.0000
 63.4000 0.0000 0.0000 0.0000
 63.5000 0.0000 0.0000 0.0000
 63.6000 0.0000 0.0000 0.0000
 63.7000 0.0000 0.0000 0.0000
 63.8000 0.0000 0.0000 0.0000
 63.9000 0.0000 0.0000 0.0000
 64.0000 0.0000 0.0000 0.0000
 64.1000 0.0000 0.0000 0.0000
 64.2000 0.0000 0.0000 0.0000
 64.3000 0.0000 0.0000 0.0000
 64.4000 0.0000 0.0000 0.0000
 64.5000 0.0000 0.0000 0.0000
 64.6000 0.0000 0.0000 0.0000
 64.7000 0.0000 0.0000 0.0000
 64.8000 0.0000 0.0000 0.0000
 64.9000 0.0000 0.0000 0.0000
 65.0000 0.0000 0.0000 0.0000
 65.1000 0.0000 0.0000 0.0000
 65.2000 0.0000 0.0000 0.0000
 65.3000 0.0000 0.0000 0.0000
 65.4000 0.0000 0.0000 0.0000
 65.5000 0.0000 0.0000 0.0000
 65.6000 0.0000 0.0000 0.0000
 65.7000 0.0000 0.0000 0.0000
 65.8000 0.0000 0.0000 0.0000
 65.9000 0.0000 0.0000 0.0000
 66.0000 0.0000 0.0000 0.0000
 0.0000 0.2250 -1.2750 0.0000
 0.1000 0.2250 -1.2750 0.0000
 0.2000 0.2250 -1.2750 0.0000
 0.3000 0.2250 -1.2750 0.0000
 0.4000 0.2250 -1.2750 0.0000
 0.5000 0.2250 -1.2750 0.0000
 0.6000 0.2250 -1.2750 0.0000
 0.7000 0.2250 -1.2750 0.0000
 0.8000 0.2250 -1.2750 0.0000
 0.9000 0.2250 -1.2750 0.0000
 1.0000 0.2250 -1.2750 0.0000
 1.1000 0.2250 -1.2750 0.0000
 1.2000 0.2250 -1.2750 0.0000
 1.3000 0.2250 -1.2750 0.0000
 1.4000 0.2250 -1.2750 0.0000
 1.5000 0.2250 -1.2750 0.0000
 1.6000 0.2250 -1.2750 0.0000
 1.7000 0.2250 -1.2750 0.0000
 1.8000 0.2250 -1.2750 0.0000
 1.9000 0.2250 -1.2750 0.0000
 2.0000 0.2250 -1.2750 0.0000
 2.1000 0.2250 -1.2750 0.0000
 2.2000 0.2250 -1.2750 0.0000
 2.3000 0.2250 -1.2750 0.0000
 2.4000 0.2250 -1.2750 0.0000
 2.5000 0.2250 -1.2750 0.0000
 2.6000 0.2250 -1.2750 0.0000
 2.7000 0.2250 -1.2750 0.0000
 2.8000 0.2250 -1.2750 0.0000
 2.9000 0.2250 -1.2750 0.0000
 3.0000 0.2250 -1.2750 0.0000
 3.1000 0.2250 -1.2750 0.0000
 3.2000 0.2250 -1.2750 0.0000
 3.3000 0.2250 -1.2750 0.0000
 3.4000 0.2250 -1.2750 0.0000
 3.5000 0.2250 -1.2750 0.0000
 3.6000 0.2250 -1.2750 0.0000
 3.7000 0.2250 -1.2750 0.0000
 3.8000 0.2250 -1.2750 0.0000
 3.9000 0.2250 -1.2750 0.0000
 4.0000 0.2250 -1.2750 0.0000
 4.1000 0.2250 -1.2750 0.0000
 4.2000 0.2250 -1.2750 0.0000
 4.3000 0.2250 -1.2750 0.0000
 4.4000 0.2250 -1.2750 0.0000
 4.5000 0.2250 -1.2750 0.0000
 4.6000 0.2250 -1.2750 0.0000
 4.7000 0.2250 -1.2750 0.0000
 4.8000 0.2250 -1.2750 0.0000
 4.9000 0.2250 -1.2750 0.0000
 5.0000 0.2250 -1.2750 0.0000
 5.1000 0.2250 -1.2750 0.0000
 5.2000 0.2250 -1.2750 0.0000
 5.3000 0.2250 -1.2750 0.0000
 5.4000 0.2250 -1.2750 0.0000
 5.5000 0.2250 -1.2750 0.0000
 5.6000 0.2250 -1.2750 0.0000
 5.7000 0.2250 -1.2750 0.0000
 5.8000 0.2250 -1.2750 0.0000
 5.9000 0.2250 -1.2750 0.0000
 6.0000 0.2250 -1.2750 0.0000
 6.1000 0.2250 -1.2750 0.0000
 6.2000 0.2250 -1.2750 0.0000
 6.3000 0.2250 -1.2750 0.0000
 6.4000 0.2250 -1.2750 0.0000
 6.5000 0.2250 -1.2750 0.0000
 6.6000 0.2250 -1.2750 0.0000
 6.7000 0.2250 -1.2750 0.0000
 6.8000 0.2250 -1.2750 0.0000
 6.9000 0.2250 -1.2750 0.0000
 7.0000 0.2250 -1.2750 0.0000
 7.1000 0.2250 -1.2750 0.0000
 7.2000 0.2250 -1.2750 0.0000
 7.3000 0.2250 -1.2750 0.0000
 7.4000 0.2250 -1.2750 0.0000
 7.5000 0.2250 -1.2750 0.0000
 7.6000 0.2250 -1.2750 0.0000
 7.7000 0.2250 -1.2750 0.0000
 7.8000 0.2250 -1.2750 0.0000
 7.9000 0.2250 -1.2750 0.0000
 8.0000 0.2250 -1.2750 0.0000
 8.1000 0.2250 -1.2750 0.0000
 8.2000 0.2250 -1.2750 0.0000
 8.3000 0.2250 -1.2750 0.0000
 8.4000 0.2250 -1.2750 0.0000
 8.5000 0.2250 -1.2750 0.0000
 8.6000 0.2250 -1.2750 0.0000
 8.7000 0.2250 -1.2750 0.0000
 8.8000 0.2250 -1.2750 0.0000
 8.9000 0.2250 -1.2750 0.0000
 9.0000 0.2250 -1.2750 0.0000
 9.1000 0.2250 -1.2750 0.0000
 9.2000 0.2250 -1.2750 0.0000
 9.3000 0.2250 -1.2750 0.0000
 9.4000 0.2250 -1.2750 0.0000
 9.5000 0.2250 -1.2750 0.0000
 9.6000 0.2250 -1.2750 0.0000
 9.7000 0.2250 -1.2750 0.0000
 9.8000 0.2250 -1.2750 0.0000
 9.9000 0.2250 -1.2750 0.0000
 10.0000 0.2250 -1.2750 0.0000
 10.1000 0.2250 -1.2750 0.0000
 10.2000 0.2250 -1.2750 0.0000
 10.3000 0.2250 -1.2750 0.0000
 10.4000 0.2250 -1.2750 0.0000
 10.5000 0.2250 -1.2750 0.0000
 10.6000 0.2250 -1.2750 0.0000
 10.7000 0.2250 -1.2750 0.0000
 10.8000 0.2250 -1.2750 0.0000
 10.9000 0.2250 -1.2750 0.0000
 11.0000 0.2250 -1.2750 0.0000
 11.1000 0.2250 -1.2750 0.0000
 11.2000 0.2250 -1.2750 0.0000
 11.3000 0.2250 -1.2750 0.0000
 11.4000 0.2250 -1.2750 0.0000
 11.5000 0.2250 -1.2750 0.0000
 11.6000 0.2250 -1.2750 0.0000
 11.7000 0.2250 -1.2750 0.0000
 11.8000 0.2250 -1.2750 0.0000
 11.9000 0.2250 -1.2750 0.0000
 12.0000 0.2250 -1.2750 0.0000
 12.1000 0.2250 -1.2750 0.0000
 12.2000 0.2250 -1.2750 0.0000
 12.3000 0.2250 -1.2750 0.0000
 12.4000 0.2250 -1.2750 0.0000
 12.5000 0.2250 -1.2750 0.0000
 12.6000 0.2250 -1.2750 0.0000
 12.7000 0.2250 -1.2750 0.0000
 12.8000 0.2250 -1.2750 0.0000
 12.9000 0.2250 -1.2750 0.0000
 13.0000 0.2250 -1.2750 0.0000
 13.1000 0.2250 -1.2750 0.0000
 13.2000 0.2250 -1.2750 0.0000
 13.3000 0.2250 -1.2750 0.0000
 13.4000 0.2250 -1.2750 0.0000
 13.5000 0.2250 -1.2750 0.0000
 13.6000 0.2250 -1.2750 0.0000
 13.7000 0.2250 -1.2750 0.0000
 13.8000 0.2250 -1.2750 0.0000
 13.9000 0.2250 -1.2750 0.0000
 14.0000 0.2250 -1.2750 0.0000
 14.1000 0.2250 -1.2750 0.0000
 14.2000 0.2250 -1.2750 0.0000
 14.3000 0.2250 -1.2750 0.0000
 14.4000 0.2250 -1.2750 0.0000
 14.5000 0.2250 -1.2750 0.0000
 14.6000 0.2250 -1.2750 0.0000
 14.7000 0.2250 -1.2750 0.0000
 14.8000 0.2250 -1.2750 0.0000
 14.9000 0.2250 -1.2750 0.0000
 15.0000 0.2250 -1.2750 0.0000
 15.1000 0.2250 -1.2750 0.0000
 15.2000 0.2250 -1.2750 0.0000
 15.3000 0.2250 -1.2750 0.0000
 15.4000 0.2250 -1.2750 0.0000
 15.5000 0.2250 -1.2750 0.0000
 15.6000 0.2250 -1.2750 0.0000
 15.7000 0.2250 -1.2750 0.0000
 15.8000 0.2250 -1.2750 0.0000
 15.9000 0.2250 -1.2750 0.0000
 16.0000 0.2250 -1.2750 0.0000
 16.1000 0.2250 -1.2750 0.0000
 16.2000 0.2250 -1.2750 0.0000
 16.3000 0.2250 -1.2750 0.0000
 16.4000 0.2250 -1.2750 0.0000
 16.5000 0.2250 -1.2750 0.0000
 16.6000 0.2250 -1.2750 0.0000
 16.7000 0.2250 -1.2750 0.0000
 16.8000 0.2250 -1.2750 0.0000
 16.9000 0.2250 -1.2750 0.0000
 17.0000 0.2250 -1.2750 0.0000
 17.1000 0.2250 -1.2750 0.0000
 17.2000 0.2250 -1.2750 0.0000
 17.3000 0.2250 -1.2750 0.0000
 17.4000 0.2250 -1.2750 0.0000
 17.5000 0.2250 -1.2750 0.0000
 17.6000 0.2250 -1.2750 0.0000
 17.7000 0.2250 -1.2750 0.0000
 17.8000 0.2250 -1.2750 0.0000
 17.9000 0.2250 -1.2750 0.0000
 18.0000 0.2250 -1.2750 0.0000
 18.1000 0.2250 -1.2750 0.0000
 18.2000 0.2250 -1.2750 0.0000
 18.3000 0.2250 -1.2750 0.0000
 18.4000 0.2250 -1.2750 0.0000
 18.5000 0.2250 -1.2750 0.0000
 18.6000 0.2250 -1.2750 0.0000
 18.7000 0.2250 -1.2750 0.0000
 18.8000 0.2250 -1.2750 0.0000
 18.9000 0.2250 -1.2750 0.0000
 19.0000 0.2250 -1.2750 0.0000
 19.1000 0.2250 -1.2750 0.0000
 19.2000 0.2250 -1.2750 0.0000
 19.3000 0.2250 -1.2750 0.0000
 19.4000 0.2250 -1.2750 0.0000
 19.5000 0.2250 -1.2750 0.0000
 19.6000 0.2250 -1.2750 0.0000
 19.7000 0.2250 -1.2750 0.0000
 19.8000 0.2250 -1.2750 0.0000
 19.9000 0.2250 -1.2750 0.0000
 20.0000 0.2250 -1.2750 0.0000
 20.1000 0.2250 -1.2750 0.0000
 20.2000 0.2250 -1.2750 0.0000
 20.3000 0.2250 -1.2750 0.0000
 20.4000 0.2250 -1.2750 0.0000
 20.5000 0.2250 -1.2750 0.0000
 20.6000 0.2250 -1.2750 0.0000
 20.7000 0.2250 -1.2750 0.0000
 20.8000 0.2250 -1.2750 0.0000
 20.9000 0.2250 -1.2750 0.0000
 21.0000 0.2250 -1.2750 0.0000
 21.1000 0.2250 -1.2750 0.0000
 21.2000 0.2250 -1.2750 0.0000
 21.3000 0.2250 -1.2750 0.0000
 21.4000 0.2250 -1.2750 0.0000
 21.5000 0.2250 -1.2750 0.0000
 21.6000 0.2250 -1.2750 0.0000
 21.7000 0.2250 -1.2750 0.0000
 21.8000 0.2250 -1.2750 0.0000
 21.9000 0.2250 -1.2750 0.0000
 22.0000 0.2250 -1.2750 0.0000
 22.1000 0.2250 -1.2750 0.0000
 22.2000 0.2250 -1.2750 0.0000
 22.3000 0.2250 -1.2750 0.0000
 22.4000 0.2250 -1.2750 0.0000
 22.5000 0.2250 -1.2750 0.0000
 22.6000 0.2250 -1.2750 0.0000
 22.7000 0.2250 -1.2750 0.0000
 22.8000 0.2250 -1.2750 0.0000
 22.9000 0.2250 -1.2750 0.0000
 23.0000 0.2250 -1.2750 0.0000
 23.1000 0.2250 -1.2750 0.0000
 23.2000 0.2250 -1.2750 0.0000
 23.3000 0.2250 -1.2750 0.0000
 23.4000 0.2250 -1.2750 0.0000
 23.5000 0.2250 -1.2750 0.0000
 23.6000 0.2250 -1.2750 0.0000
 23.7000 0.2250 -1.2750 0.0000
 23.8000 0.2250 -1.2750 0.0000
 23.9000 0.2250 -1.2750 0.0000
 24.0000 0.2250 -1.2750 0.0000
 24.1000 0.2250 -1.2750 0.0000
 24.2000 0.2250 -1.2750 0.0000
 24.3000 0.2250 -1.2750 0.0000
 24.4000 0.2250 -1.2750 0.0000
 24.5000 0.2250 -1.2750 0.0000
 24.6000 0.2250 -1.2750 0.0000
 24.7000 0.2250 -1.2750 0.0000
 24.8000 0.2250 -1.2750 0.0000
 24.9000 0.2250 -1.2750 0.0000
 25.0000 0.2250 -1.2750 0.0000
 25.1000 0.2250 -1.2750 0.0000
 25.2000 0.2250 -1.2750 0.0000
 25.3000 0.2250 -1.2750 0.0000
 25.4000 0.2250 -1.2750 0.0000
 25.5000 0.2250 -1.2750 0.0000
 25.6000 0.2250 -1.2750 0.0000
 25.7000 0.2250 -1.2750 0.0000
 25.8000 0.2250 -1.2750 0.0000
 25.9000 0.2250 -1.2750 0.0000
 26.0000 0.2250 -1.2750 0.0000
 26.1000 0.2250 -1.2750 0.0000
 26.2000 0.2250 -1.2750 0.0000
 26.3000 0.2250 -1.2750 0.0000
 26.4000 0.2250 -1.2750 0.0000
 26.5000 0.2250 -1.2750 0.0000
 26.6000 0.2250 -1.2750 0.0000
 26.7000 0.2250 -1.2750 0.0000
 26.8000 0.2250 -1.2750 0.0000
 26.9000 0.2250 -1.2750 0.0000
 27.0000 0.2250 -1.2750 0.0000
 27.1000 0.2250 -1.2750 0.0000
 27.2000 0.2250 -1.2750 0.0000
 27.3000 0.2250 -1.2750 0.0000
 27.4000 0.2250 -1.2750 0.0000
 27.5000 0.2250 -1.2750 0.0000
 27.6000 0.2250 -1.2750 0.0000
 27.7000 0.2250 -1.2750 0.0000
 27.8000 0.2250 -1.2750 0.0000
 27.9000 0.2250 -1.2750 0.0000
 28.0000 0.2250 -1.2750 0.0000
 28.1000 0.2250 -1.2750 0.0000
 28.2000 0.2250 -1.2750 0.0000
 28.3000 0.2250 -1.2750 0.0000
 28.4000 0.2250 -1.2750 0.0000
 28.5000 0.2250 -1.2750 0.0000
 28.6000 0.2250 -1.2750 0.0000
 28.7000 0.2250 -1.2750 0.0000
 28.8000 0.2250 -1.2750 0.0000
 28.9000 0.2250 -1.2750 0.0000
 29.0000 0.2250 -1.2750 0.0000
 29.1000 0.2250 -1.2750 0.0000
 29.2000 0.2250 -1.2750 0.0000
 29.3000 0.2250 -1.2750 0.0000
 29.4000 0.2250 -1.2750 0.0000
 29.5000 0.2250 -1.2750 0.0000
 29.6000 0.2250 -1.2750 0.0000
 29.7000 0.2250 -1.2750 0.0000
 29.8000 0.2250 -1.2750 0.0000
 29.9000 0.2250 -1.2750 0.0000
 30.0000 0.2250 -1.2750 0.0000
 30.1000 0.2250 -1.2750 0.0000
 30.2000 0.2250 -1.2750 0.0000
 30.3000 0.2250 -1.2750 0.0000
 30.4000 0.2250 -1.2750 0.0000
 30.5000 0.2250 -1.2750 0.0000
 30.6000 0.2250 -1.2750 0.0000
 30.7000 0.2250 -1.2750 0.0000
 30.8000 0.2250 -1.2750 0.0000
 30.9000 0.2250 -1.2750 0.0000
 31.0000 0.2250 -1.2750 0.0000
 31.1000 0.2250 -1.2750 0.0000
 31.2000 0.2250 -1.2750 0.0000
 31.3000 0.2250 -1.2750 0.0000
 31.4000 0.2250 -1.2750 0.0000
 31.5000 0.2250 -1.2750 0.0000
 31.6000 0.2250 -1.2750 0.0000
 31.7000 0.2250 -1.2750 0.0000
 31.8000 0.2250 -1.2750 0.0000
 31.9000 0.2250 -1.2750 0.0000
 32.0000 0.2250 -1.2750 0.0000
 32.1000 0.2250 -1.2750 0.0000
 32.2000 0.2250 -1.2750 0.0000
 32.3000 0.2250 -1.2750 0.0000
 32.4000 0.2250 -1.2750 0.0000
 32.5000 0.2250 -1.2750 0.0000
 32.6000 0.2250 -1.2750 0.0000
 32.7000 0.2250 -1.2750 0.0000
 32.8000 0.2250 -1.2750 0.0000
 32.9000 0.2250 -1.2750 0.0000
 33.0000 0.2250 -1.2750 0.0000
 33.1000 0.2250 -1.2750 0.0000
 33.2000 0.2250 -1.2750 0.0000
 33.3000 0.2250 -1.2750 0.0000
 33.4000 0.2250 -1.2750 0.0000
 33.5000 0.2250 -1.2750 0.0000
 33.6000 0.2250 -1.2750 0.0000
 33.7000 0.2250 -1.2750 0.0000
 33.8000 0.2250 -1.2750 0.0000
 33.9000 0.2250 -1.2750 0.0000
 34.0000 0.2250 -1.2750 0.0000
 34.1000 0.2250 -1.2750 0.0000
 34.2000 0.2250 -1.2750 0.0000
 34.3000 0.2250 -1.2750 0.0000
 34.4000 0.2250 -1.2750 0.0000
 34.5000 0.2250 -1.2750 0.0000
 34.6000 0.2250 -1.2750 0.0000
 34.7000 0.2250 -1.2750 0.0000
 34.8000 0.2250 -1.2750 0.0000
 34.9000 0.2250 -1.2750 0.0000
 35.0000 0.2250 -1.2750 0.0000
 35.1000 0.2250 -1.2750 0.0000
 35.2000 0.2250 -1.2750 0.0000
 35.3000 0.2250 -1.2750 0.0000
 35.4000 0.2250 -1.2750 0.0000
 35.5000 0.2250 -1.2750 0.0000
 35.6000 0.2250 -1.2750 0.0000
 35.7000 0.2250 -1.2750 0.0000
 35.8000 0.2250 -1.2750 0.0000
 35.9000 0.2250 -1.2750 0.0000
 36.0000 0.2250 -1.2750 0.0000
 36.1000 0.2250 -1.2750 0.0000
 36.2000 0.2250 -1.2750 0.0000
 36.3000 0.2250 -1.2750 0.0000
 36.4000 0.2250 -1.2750 0.0000
 36.5000 0.2250 -1.2750 0.0000
 36.6000 0.2250 -1.2750 0.0000
 36.7000 0.2250 -1.2750 0.0000
 36.8000 0.2250 -1.2750 0.0000
 36.9000 0.2250 -1.2750 0.0000
 37.0000 0.2250 -1.2750 0.0000
 37.1000 0.2250 -1.2750 0.0000
 37.2000 0.2250 -1.2750 0.0000
 37.3000 0.2250 -1.2750 0.0000
 37.4000 0.2250 -1.2750 0.0000
 37.5000 0.2250 -1.2750 0.0000
 37.6000 0.2250 -1.2750 0.0000
 37.7000 0.2250 -1.2750 0.0000
 37.8000 0.2250 -1.2750 0.0000
 37.9000 0.2250 -1.2750 0.0000
 38.0000 0.2250 -1.2750 0.0000
 38.1000 0.2250 -1.2750 0.0000
 38.2000 0.2250 -1.2750 0.0000
 38.3000 0.2250 -1.2750 0.0000
 38.4000 0.2250 -1.2750 0.0000
 38.5000 0.2250 -1.2750 0.0000
 38.6000 0.2250 -1.2750 0.0000
 38.7000 0.2250 -1.2750 0.0000
 38.8000 0.2250 -1.2750 0.0000
 38.9000 0.2250 -1.2750 0.0000
 39.0000 0.2250 -1.2750 0.0000
 39.1000 0.2250 -1.2750 0.0000
 39.2000 0.2250 -1.2750 0.0000
 39.3000 0.2250 -1.2750 0.0000
 39.4000 0.2250 -1.2750 0.0000
 39.5000 0.2250 -1.2750 0.0000
 39.6000 0.2250 -1.2750 0.0000
 39.7000 0.2250 -1.2750 0.0000
 39.8000 0.2250 -1.2750 0.0000
 39.9000 0.2250 -1.2750 0.0000
 40.0000 0.2250 -1.2750 0.0000
 40.1000 0.2250 -1.2750 0.0000
 40.2000 0.2250 -1.2750 0.0000
 40.3000 0.2250 -1.2750 0.0000
 40.4000 0.2250 -1.2750 0.0000
 40.5000 0.2250 -1.2750 0.0000
 40.6000 0.2250 -1.2750 0.0000
 40.7000 0.2250 -1.2750 0.0000
 40.8000 0.2250 -1.2750 0.0000
 40.9000 0.2250 -1.2750 0.0000
 41.0000 0.2250 -1.2750 0.0000
 41.1000 0.2250 -1.2750 0.0000
 41.2000 0.2250 -1.2750 0.0000
 41.3000 0.2250 -1.2750 0.0000
 41.4000 0.2250 -1.2750 0.0000
 41.5000 0.2250 -1.2750 0.0000
 41.6000 0.2250 -1.2750 0.0000
 41.7000 0.2250 -1.2750 0.0000
 41.8000 0.2250 -1.2750 0.0000
 41.9000 0.2250 -1.2750 0.0000
 42.0000 0.2250 -1.2750 0.0000
 42.1000 0.2250 -1.2750 0.0000
 42.2000 0.2250 -1.2750 0.0000
 42.3000 0.2250 -1.2750 0.0000
 42.4000 0.2250 -1.2750 0.0000
 42.5000 0.2250 -1.2750 0.0000
 42.6000 0.2250 -1.2750 0.0000
 42.7000 0.2250 -1.2750 0.0000
 42.8000 0.2250 -1.2750 0.0000
 42.9000 0.2250 -1.2750 0.0000
 43.0000 0.2250 -1.2750 0.0000
 43.1000 0.2250 -1.2750 0.0000
 43.2000 0.2250 -1.2750 0.0000
 43.3000 0.2250 -1.2750 0.0000
 43.4000 0.2250 -1.2750 0.0000
 43.5000 0.2250 -1.2750 0.0000
 43.6000 0.2250 -1.2750 0.0000
 43.7000 0.2250 -1.2750 0.0000
 43.8000 0.2250 -1.2750 0.0000
 43.9000 0.2250 -1.2750 0.0000
 44.0000 0.2250 -1.2750 0.0000
 44.1000 0.2250 -1.2750 0.0000
 44.2000 0.2250 -1.2750 0.0000
 44.3000 0.2250 -1.2750 0.0000
 44.4000 0.2250 -1.2750 0.0000
 44.5000 0.2250 -1.2750 0.0000
 44.6000 0.2250 -1.2750 0.0000
 44.7000 0.2250 -1.2750 0.0000
 44.8000 0.2250 -1.2750 0.0000
 44.9000 0.2250 -1.2750 0.0000
 45.0000 0.2250 -1.2750 0.0000
 45.1000 0.2250 -1.2750 0.0000
 45.2000 0.2250 -1.2750 0.0000
 45.3000 0.2250 -1.2750 0.0000
 45.4000 0.2250 -1.2750 0.0000
 45.5000 0.2250 -1.2750 0.0000
 45.6000 0.2250 -1.2750 0.0000
 45.7000 0.2250 -1.2750 0.0000
 45.8000 0.2250 -1.2750 0.0000
 45.9000 0.2250 -1.2750 0.0000
 46.0000 0.2250 -1.2750 0.0000
 46.1000 0.2250 -1.2750 0.0000
 46.2000 0.2250 -1.2750 0.0000
 46.3000 0.2250 -1.2750 0.0000
 46.4000 0.2250 -1.2750 0.0000
 46.5000 0.2250 -1.2750 0.0000
 46.6000 0.2250 -1.2750 0.0000
 46.7000 0.2250 -1.2750 0.0000
 46.8000 0.2250 -1.2750 0.0000
 46.9000 0.2250 -1.2750 0.0000
 47.0000 0.2250 -1.2750 0.0000
 47.1000 0.2250 -1.2750 0.0000
 47.2000 0.2250 -1.2750 0.0000
 47.3000 0.2250 -1.2750 0.0000
 47.4000 0.2250 -1.2750 0.0000
 47.5000 0.2250 -1.2750 0.0000
 47.6000 0.2250 -1.2750 0.0000
 47.7000 0.2250 -1.2750 0.0000
 47.8000 0.2250 -1.2750 0.0000
 47.9000 0.2250 -1.2750 0.0000
 48.0000 0.2250 -1.2750 0.0000
 48.1000 0.2250 -1.2750 0.0000
 48.2000 0.2250 -1.2750 0.0000
 48.3000 0.2250 -1.2750 0.0000
 48.4000 0.2250 -1.2750 0.0000
 48.5000 0.2250 -1.2750 0.0000
 48.6000 0.2250 -1.2750 0.0000
 48.7000 0.2250 -1.2750 0.0000
 48.8000 0.2250 -1.2750 0.0000
 48.9000 0.2250 -1.2750 0.0000
 49.0000 0.2250 -1.2750 0.0000
 49.1000 0.2250 -1.2750 0.0000
 49.2000 0.2250 -1.2750 0.0000
 49.3000 0.2250 -1.2750 0.0000
 49.4000 0.2250 -1.2750 0.0000
 49.5000 0.2250 -1.2750 0.0000
 49.6000 0.2250 -1.2750 0.0000
 49.7000 0.2250 -1.2750 0.0000
 49.8000 0.2250 -1.2750 0.0000
 49.9000 0.2250 -1.2750 0.0000
 50.0000 0.2250 -1.2750 0.0000
 50.1000 0.2250 -1.2750 0.0000
 50.2000 0.2250 -1.2750 0.0000
 50.3000 0.2250 -1.2750 0.0000
 50.4000 0.2250 -1.2750 0.0000
 50.5000 0.2250 -1.2750 0.0000
 50.6000 0.2250 -1.2750 0.0000
 50.7000 0.2250 -1.2750 0.0000
 50.8000 0.2250 -1.2750 0.0000
 50.9000 0.2250 -1.2750 0.0000
 51.0000 0.2250 -1.2750 0.0000
 51.1000 0.2250 -1.2750 0.0000
 51.2000 0.2250 -1.2750 0.0000
 51.3000 0.2250 -1.2750 0.0000
 51.4000 0.2250 -1.2750 0.0000
 51.5000 0.2250 -1.2750 0.0000
 51.6000 0.2250 -1.2750 0.0000
 51.7000 0.2250 -1.2750 0.0000
 51.8000 0.2250 -1.2750 0.0000
 51.9000 0.2250 -1.2750 0.0000
 52.0000 0.2250 -1.2750 0.0000
 52.1000 0.2250 -1.2750 0.0000
 52.2000 0.2250 -1.2750 0.0000
 52.3000 0.2250 -1.2750 0.0000
 52.4000 0.2250 -1.2750 0.0000
 52.5000 0.2250 -1.2750 0.0000
 52.6000 0.2250 -1.2750 0.0000
 52.7000 0.2250 -1.2750 0.0000
 52.8000 0.2250 -1.2750 0.0000
 52.9000 0.2250 -1.2750 0.0000
 53.0000 0.2250 -1.2750 0.0000
 53.1000 0.2250 -1.2750 0.0000
 53.2000 0.2250 -1.2750 0.0000
 53.3000 0.2250 -1.2750 0.0000
 53.4000 0.2250 -1.2750 0.0000
 53.5000 0.2250 -1.2750 0.0000
 53.6000 0.2250 -1.2750 0.0000
 53.7000 0.2250 -1.2750 0.0000
 53.8000 0.2250 -1.2750 0.0000
 53.9000 0.2250 -1.2750 0.0000
 54.0000 0.2250 -1.2750 0.0000
 54.1000 0.2250 -1.2750 0.0000
 54.2000 0.2250 -1.2750 0.0000
 54.3000 0.2250 -1.2750 0.0000
 54.4000 0.2250 -1.2750 0.0000
 54.5000 0.2250 -1.2750 0.0000
 54.6000 0.2250 -1.2750 0.0000
 54.7000 0.2250 -1.2750 0.0000
 54.8000 0.2250 -1.2750 0.0000
 54.9000 0.2250 -1.2750 0.0000
 55.0000 0.2250 -1.2750 0.0000
 55.1000 0.2250 -1.2750 0.0000
 55.2000 0.2250 -1.2750 0.0000
 55.3000 0.2250 -1.2750 0.0000
 55.4000 0.2250 -1.2750 0.0000
 55.5000 0.2250 -1.2750 0.0000
 55.6000 0.2250 -1.2750 0.0000
 55.7000 0.2250 -1.2750 0.0000
 55.8000 0.2250 -1.2750 0.0000
 55.9000 0.2250 -1.2750 0.0000
 56.0000 0.2250 -1.2750 0.0000
 56.1000 0.2250 -1.2750 0.0000
 56.2000 0.2250 -1.2750 0.0000
 56.3000 0.2250 -1.2750 0.0000
 56.4000 0.2250 -1.2750 0.0000
 56.5000 0.2250 -1.2750 0.0000
 56.6000 0.2250 -1.2750 0.0000
 56.7000 0.2250 -1.2750 0.0000
 56.8000 0.2250 -1.2750 0.0000
 56.9000 0.2250 -1.2750 0.0000
 57.0000 0.2250 -1.2750 0.0000
 57.1000 0.2250 -1.2750 0.0000
 57.2000 0.2250 -1.2750 0.0000
 57.3000 0.2250 -1.2750 0.0000
 57.4000 0.2250 -1.2750 0.0000
 57.5000 0.2250 -1.2750 0.0000
 57.6000 0.2250 -1.2750 0.0000
 57.7000 0.2250 -1.2750 0.0000
 57.8000 0.2250 -1.2750 0.0000
 57.9000 0.2250 -1.2750 0.0000
 58.0000 0.2250 -1.2750 0.0000
 58.1000 0.2250 -1.2750 0.0000
 58.2000 0.2250 -1.2750 0.0000
 58.3000 0.2250 -1.2750 0.0000
 58.4000 0.2250 -1.2750 0.0000
 58.5000 0.2250 -1.2750 0.0000
 58.6000 0.2250 -1.2750 0.0000
 58.7000 0.2250 -1.2750 0.0000
 58.8000 0.2250 -1.2750 0.0000
 58.9000 0.2250 -1.2750 0.0000
 59.0000 0.2250 -1.2750 0.0000
 59.1000 0.2250 -1.2750 0.0000
 59.2000 0.2250 -1.2750 0.0000
 59.3000 0.2250 -1.2750 0.0000
 59.4000 0.2250 -1.2750 0.0000
 59.5000 0.2250 -1.2750 0.0000
 59.6000 0.2250 -1.2750 0.0000
 59.7000 0.2250 -1.2750 0.0000
 59.8000 0.2250 -1.2750 0.0000
 59.9000 0.2250 -1.2750 0.0000
 60.0000 0.2250 -1.2750 0.0000
 60.1000 0.2250 -1.2750 0.0000
 60.2000 0.2250 -1.2750 0.0000
 60.3000 0.2250 -1.2750 0.0000
 60.4000 0.2250 -1.2750 0.0000
 60.5000 0.2250 -1.2750 0.0000
 60.6000 0.2250 -1.2750 0.0000
 60.7000 0.2250 -1.2750 0.0000
 60.8000 0.2250 -1.2750 0.0000
 60.9000 0.2250 -1.2750 0.0000
 61.0000 0.2250 -1.2750 0.0000
 61.1000 0.2250 -1.2750 0.0000
 61.2000 0.2250 -1.2750 0.0000
 61.3000 0.2250 -1.2750 0.0000
 61.4000 0.2250 -1.2750 0.0000
 61.5000 0.2250 -1.2750 0.0000
 61.6000 0.2250 -1.2750 0.0000
 61.7000 0.2250 -1.2750 0.0000
 61.8000 0.2250 -1.2750 0.0000
 61.9000 0.2250 -1.2750 0.0000
 62.0000 0.2250 -1.2750 0.0000
 62.1000 0.2250 -1.2750 0.0000
 62.2000 0.2250 -1.2750 0.0000
 62.3000 0.2250 -1.2750 0.0000
 62.4000 0.2250 -1.2750 0.0000
 62.5000 0.2250 -1.2750 0.0000
 62.6000 0.2250 -1.2750 0.0000
 62.7000 0.2250 -1.2750 0.0000
 62.8000 0.2250 -1.2750 0.0000
 62.9000 0.2250 -1.2750 0.0000
 63.0000 0.2250 -1.2750 0.0000
 63.1000 0.2250 -1.2750 0.0000
 63.2000 0.2250 -1.2750 0.0000
 63.3000 0.2250 -1.2750 0.0000
 63.4000 0.2250 -1.2750 0.0000
 63.5000 0.2250 -1.2750 0.0000
 63.6000 0.2250 -1.2750 0.0000
 63.7000 0.2250 -1.2750 0.0000
 63.8000 0.2250 -1.2750 0.0000
 63.9000 0.2250 -1.2750 0.0000
 64.0000 0.2250 -1.2750 0.0000
 64.1000 0.2250 -1.2750 0.0000
 64.2000 0.2250 -1.2750 0.0000
 64.3000 0.2250 -1.2750 0.0000
 64.4000 0.2250 -1.2750 0.0000
 64.5000 0.2250 -1.2750 0.0000
 64.6000 0.2250 -1.2750 0.0000
 64.7000 0.2250 -1.2750 0.0000
 64.8000 0.2250 -1.2750 0.0000
 64.9000 0.2250 -1.2750 0.0000
 65.0000 0.2250 -1.2750 0.0000
 65.1000 0.2250 -1.2750 0.0000
 65.2000 0.2250 -1.2750 0.0000
 65.3000 0.2250 -1.2750 0.0000
 65.4000 0.2250 -1.2750 0.0000
 65.5000 0.2250 -1.2750 0.0000
 65.6000 0.2250 -1.2750 0.0000
 65.7000 0.2250 -1.2750 0.0000
 65.8000 0.2250 -1.2750 0.0000
 65.9000 0.2250 -1.2750 0.0000
 66.0000 0.2250 -1.2750 0.0000
 66.1000 0.2250 -1.2750 0.0000
 66.2000 0.2250 -1.2750 0.0000
 66.3000 0.2250 -1.2750 0.0000
 66.4000 0.2250 -1.2750 0.0000
 66.5000 0.2250 -1.2750 0.0000
 66.6000 0.2250 -1.2750 0.0000
 66.7000 0.2250 -1.2750 0.0000
 66.8000 0.2250 -1.2750 0.0000
 66.9000 0.2250 -1.2750 0.0000
 67.0000 0.2250 -1.2750 0.0000
 67.1000 0.2250 -1.2750 0.0000
 67.2000 0.2250 -1.2750 0.0000
 67.3000 0.2250 -1.2750 0.0000
 67.4000 0.2250 -1.2750 0.0000
 67.5000 0.2250 -1.2750 0.0000
 67.6000 0.2250 -1.2750 0.0000
 67.7000 0.2250 -1.2750 0.0000
 67.8000 0.2250 -1.2750 0.0000
 67.9000 0.2250 -1.2750 0.0000
 68.0000 0.2250 -1.2750 0.0000
 68.1000 0.2250 -1.2750 0.0000
 68.2000 0.2250 -1.2750 0.0000
 68.3000 0.2250 -1.2750 0.0000
 68.4000 0.2250 -1.2750 0.0000
 68.5000 0.2250 -1.2750 0.0000
 68.6000 0.2250 -1.2750 0.0000
 68.7000 0.2250 -1.2750 0.0000
 68.8000 0.2250 -1.2750 0.0000
 68.9000 0.2250 -1.2750 0.0000
 69.0000 0.2250 -1.2750 0.0000
 69.1000 0.2250 -1.2750 0.0000
 69.2000 0.2250 -1.2750 0.0000
 69.3000 0.2250 -1.2750 0.0000
 69.4000 0.2250 -1.2750 0.0000
 69.5000 0.2250 -1.2750 0.0000
 69.6000 0.2250 -1.2750 0.0000
 69.7000 0.2250 -1.2750 0.0000
 69.8000 0.2250 -1.2750 0.0000
 69.9000 0.2250 -1.2750 0.0000
 70.0000 0.2250 -1.2750 0.0000
 70.1000 0.2250 -1.2750 0.0000
 70.2000 0.2250 -1.2750 0.0000
 70.3000 0.2250 -1.2750 0.0000
 70.4000 0.2250 -1.2750 0.0000
 70.5000 0.2250 -1.2750 0.0000
 70.6000 0.2250 -1.2750 0.0000
 70.7000 0.2250 -1.2750 0.0000
 70.8000 0.2250 -1.2750 0.0000
 70.9000 0.2250 -1.2750 0.0000
 71.0000 0.2250 -1.2750 0.0000
 71.1000 0.2250 -1.2750 0.0000
 71.2000 0.2250 -1.2750 0.0000
 71.3000 0.2250 -1.2750 0.0000
 71.4000 0.2250 -1.2750 0.0000
 71.5000 0.2250 -1.2750 0.0000
 71.6000 0.2250 -1.2750 0.0000
 71.7000 0.2250 -1.2750 0.0000
 71.8000 0.2250 -1.2750 0.0000
 71.9000 0.2250 -1.2750 0.0000
 72.0000 0.2250 -1.2750 0.0000
 72.1000 0.2250 -1.2750 0.0000
 72.2000 0.2250 -1.2750 0.0000
 72.3000 0.2250 -1.2750 0.0000
 72.4000 0.2250 -1.2750 0.0000
 72.5000 0.2250 -1.2750 0.0000
 72.6000 0.2250 -1.2750 0.0000
 72.7000 0.2250 -1.2750 0.0000
 72.8000 0.2250 -1.2750 0.0000
 72.9000 0.2250 -1.2750 0.0000
 73.0000 0.2250 -1.2750 0.0000
 73.1000 0.2250 -1.2750 0.0000
 73.2000 0.2250 -1.2750 0.0000
 73.3000 0.2250 -1.2750 0.0000
 73.4000 0.2250 -1.2750 0.0000
 73.5000 0.2250 -1.2750 0.0000
 73.6000 0.2250 -1.2750 0.0000
 73.7000 0.2250 -1.2750 0.0000
 73.8000 0.2250 -1.2750 0.0000
 73.9000 0.2250 -1.2750 0.0000
 74.0000 0.2250 -1.2750 0.0000
 74.1000 0.2250 -1.2750 0.0000
 74.2000 0.2250 -1.2750 0.0000
 74.3000 0.2250 -1.2750 0.0000
 74.4000 0.2250 -1.2750 0.0000
 74.5000 0.2250 -1.2750 0.0000
 74.6000 0.2250 -1.2750 0.0000
 74.7000 0.2250 -1.2750 0.0000
 74.8000 0.2250 -1.2750 0.0000
 74.9000 0.2250 -1.2750 0.0000
 75.0000 0.2250 -1.2750 0.0000
 75.1000 0.2250 -1.2750 0.0000
 75.2000 0.2250 -1.2750 0.0000
 75.3000 0.2250 -1.2750 0.0000
 75.4000 0.2250 -1.2750 0.0000
 75.5000 0.2250 -1.2750 0.0000
 75.6000 0.2250 -1.2750 0.0000
 75.7000 0.2250 -1.2750 0.0000
 75.8000 0.2250 -1.2750 0.0000
 75.9000 0.2250 -1.2750 0.0000
 76.0000 0.2250 -1.2750 0.0000
 76.1000 0.2250 -1.2750 0.0000
 76.2000 0.2250 -1.2750 0.0000
 76.3000 0.2250 -1.2750 0.0000
 76.4000 0.2250 -1.2750 0.0000
 76.5000 0.2250 -1.2750 0.0000
 76.6000 0.2250 -1.2750 0.0000
 76.7000 0.2250 -1.2750 0.0000
 76.8000 0.2250 -1.2750 0.0000
 76.9000 0.2250 -1.2750 0.0000
 77.0000 0.2250 -1.2750 0.0000
 77.1000 0.2250 -1.2750 0.0000
 77.2000 0.2250 -1.2750 0.0000
 77.3000 0.2250 -1.2750 0.0000
 77.4000 0.2250 -1.2750 0.0000
 77.5000 0.2250 -1.2750 0.0000
 77.6000 0.2250 -1.2750 0.0000
 77.7000 0.2250 -1.2750 0.0000
 77.8000 0.2250 -1.2750 0.0000
 77.9000 0.2250 -1.2750 0.0000
 78.0000 0.2250 -1.2750 0.0000
 78.1000 0.2250 -1.2750 0.0000
 78.2000 0.2250 -1.2750 0.0000
 78.3000 0.2250 -1.2750 0.0000
 78.4000 0.2250 -1.2750 0.0000
 78.5000 0.2250 -1.2750 0.0000
 78.6000 0.2250 -1.2750 0.0000
 78.7000 0.2250 -1.2750 0.0000
 78.8000 0.2250 -1.2750 0.0000
 78.9000 0.2250 -1.2750 0.0000
 79.0000 0.2250 -1.2750 0.0000
 79.1000 0.2250 -1.2750 0.0000
 79.2000 0.2250 -1.2750 0.0000
 79.3000 0.2250 -1.2750 0.0000
 79.4000 0.2250 -1.2750 0.0000
 79.5000 0.2250 -1.2750 0.0000
 79.6000 0.2250 -1.2750 0.0000
 79.7000 0.2250 -1.2750 0.0000
 79.8000 0.2250 -1.2750 0.0000
 79.9000 0.2250 -1.2750 0.0000
 80.0000 0.2250 -1.2750 0.0000
 80.1000 0.2250 -1.2750 0.0000
 80.2000 0.2250 -1.2750 0.0000
 80.3000 0.2250 -1.2750 0.0000
 80.4000 0.2250 -1.2750 0.0000
 80.5000 0.2250 -1.2750 0.0000
 80.6000 0.2250 -1.2750 0.0000
 80.7000 0.2250 -1.2750 0.0000
 80.8000 0.2250 -1.2750 0.0000
 80.9000 0.2250 -1.2750 0.0000
 81.0000 0.2250 -1.2750 0.0000
 81.1000 0.2250 -1.2750 0.0000
 81.2000 0.2250 -1.2750 0.0000
 81.3000 0.2250 -1.2750 0.0000
 81.4000 0.2250 -1.2750 0.0000
 81.5000 0.2250 -1.2750 0.0000
 81.6000 0.2250 -1.2750 0.0000
 81.7000 0.2250 -1.2750 0.0000
 81.8000 0.2250 -1.2750 0.0000
 81.9000 0.2250 -1.2750 0.0000
 82.0000 0.2250 -1.2750 0.0000
 82.1000 0.2250 -1.2750 0.0000
 82.2000 0.2250 -1.2750 0.0000
 82.3000 0.2250 -1.2750 0.0000
 82.4000 0.2250 -1.2750 0.0000
 82.5000 0.2250 -1.2750 0.0000
 82.6000 0.2250 -1.2750 0.0000
 82.7000 0.2250 -1.2750 0.0000
 82.8000 0.2250 -1.2750 0.0000
 82.9000 0.2250 -1.2750 0.0000
 83.0000 0.2250 -1.2750 0.0000
 83.1000 0.2250 -1.2750 0.0000
 83.2000 0.2250 -1.2750 0.0000
 83.3000 0.2250 -1.2750 0.0000
 83.4000 0.2250 -1.2750 0.0000
 83.5000 0.2250 -1.2750 0.0000
 83.6000 0.2250 -1.2750 0.0000
 83.7000 0.2250 -1.2750 0.0000
 83.8000 0.2250 -1.2750 0.0000
 83.9000 0.2250 -1.2750 0.0000
 84.0000 0.2250 -1.2750 0.0000
 84.1000 0.2250 -1.2750 0.0000
 84.2000 0.2250 -1.2750 0.0000
 84.3000 0.2250 -1.2750 0.0000
 84.4000 0.2250 -1.2750 0.0000
 84.5000 0.2250 -1.2750 0.0000
 84.6000 0.2250 -1.2750 0.0000
 84.7000 0.2250 -1.2750 0.0000
 84.8000 0.2250 -1.2750 0.0000
 84.9000 0.2250 -1.2750 0.0000
 85.0000 0.2250 -1.2750 0.0000
 85.1000 0.2250 -1.2750 0.0000
 85.2000 0.2250 -1.2750 0.0000
 85.3000 0.2250 -1.2750 0.0000
 85.4000 0.2250 -1.2750 0.0000
 85.5000 0.2250 -1.2750 0.0000
 85.6000 0.2250 -1.2750 0.0000
 85.7000 0.2250 -1.2750 0.0000
 85.8000 0.2250 -1.2750 0.0000
 85.9000 0.2250 -1.2750 0.0000
 86.0000 0.2250 -1.2750 0.0000
 86.1000 0.2250 -1.2750 0.0000
 86.2000 0.2250 -1.2750 0.0000
 86.3000 0.2250 -1.2750 0.0000
 86.4000 0.2250 -1.2750 0.0000
 86.5000 0.2250 -1.2750 0.0000
 86.6000 0.2250 -1.2750 0.0000
 86.7000 0.2250 -1.2750 0.0000
 86.8000 0.2250 -1.2750 0.0000
 86.9000 0.2250 -1.2750 0.0000
 87.0000 0.2250 -1.2750 0.0000
 87.1000 0.2250 -1.2750 0.0000
 87.2000 0.2250 -1.2750 0.0000
 87.3000 0.2250 -1.2750 0.0000
 87.4000 0.2250 -1.2750 0.0000
 87.5000 0.2250 -1.2750 0.0000
 87.6000 0.2250 -1.2750 0.0000
 87.7000 0.2250 -1.2750 0.0000
 87.8000 0.2250 -1.2750 0.0000
 87.9000 0.2250 -1.2750 0.0000
 88.0000 0.2250 -1.2750 0.0000
 88.1000 0.2250 -1.2750 0.0000
 88.2000 0.2250 -1.2750 0.0000
 88.3000 0.2250 -1.2750 0.0000
 88.4000 0.2250 -1.2750 0.0000
 88.5000 0.2250 -1.2750 0.0000
 88.6000 0.2250 -1.2750 0.0000
 88.7000 0.2250 -1.2750 0.0000
 88.8000 0.2250 -1.2750 0.0000
 88.9000 0.2250 -1.2750 0.0000
 89.0000 0.2250 -1.2750 0.0000
 89.1000 0.2250 -1.2750 0.0000
 89.2000 0.2250 -1.2750 0.0000
 89.3000 0.2250 -1.2750 0.0000
 89.4000 0.2250 -1.2750 0.0000
 89.5000 0.2250 -1.2750 0.0000
 89.6000 0.2250 -1.2750 0.0000
 89.7000 0.2250 -1.2750 0.0000
 89.8000 0.2250 -1.2750 0.0000
 89.9000 0.2250 -1.2750 0.0000
 90.0000 0.2250 -1.2750 0.0000
 90.1000 0.2250 -1.2750 0.0000
 90.2000 0.2250 -1.2750 0.0000
 90.3000 0.2250 -1.2750 0.0000
 90.4000 0.2250 -1.2750 0.0000
 90.5000 0.2250 -1.2750 0.0000
 90.6000 0.2250 -1.2750 0.0000
 90.7000 0.2250 -1.2750 0.0000
 90.8000 0.2250 -1.2750 0.0000
 90.9000 0.2250 -1.2750 0.0000
 91.0000 0.2250 -1.2750 0.0000
 91.1000 0.2250 -1.2750 0.0000
 91.2000 0.2250 -1.2750 0.0000
 91.3000 0.2250 -1.2750 0.0000
 91.4000 0.2250 -1.2750 0.0000
 91.5000 0.2250 -1.2750 0.0000
 91.6000 0.2250 -1.2750 0.0000
 91.7000 0.2250 -1.2750 0.0000
 91.8000 0.2250 -1.2750 0.0000
 91.9000 0.2250 -1.2750 0.0000
 92.0000 0.2250 -1.2750 0.0000
 92.1000 0.2250 -1.2750 0.0000
 92.2000 0.2250 -1.2750 0.0000
 92.3000 0.2250 -1.2750 0.0000
 92.4000 0.2250 -1.2750 0.0000
 92.5000 0.2250 -1.2750 0.0000
 92.6000 0.2250 -1.2750 0.0000
 92.7000 0.2250 -1.2750 0.0000
 92.8000 0.2250 -1.2750 0.0000
 92.9000 0.2250 -1.2750 0.0000
 93.0000 0.2250 -1.2750 0.0000
 93.1000 0.2250 -1.2750 0.0000
 93.2000 0.2250 -1.2750 0.0000
 93.3000 0.2250 -1.2750 0.0000
 93.4000 0.2250 -1.2750 0.0000
 93.5000 0.2250 -1.2750 0.0000
 93.6000 0.2250 -1.2750 0.0000
 93.7000 0.2250 -1.2750 0.0000
 93.8000 0.2250 -1.2750 0.0000
 93.9000 0.2250 -1.2750 0.0000
 94.0000 0.2250 -1.2750 0.0000
 94.1000 0.2250 -1.2750 0.0000
 94.2000 0.2250 -1.2750 0.0000
 94.3000 0.2250 -1.2750 0.0000
 94.4000 0.2250 -1.2750 0.0000
 94.5000 0.2250 -1.2750 0.0000
 94.6000 0.2250 -1.2750 0.0000
 94.7000 0.2250 -1.2750 0.0000
 94.8000 0.2250 -1.2750 0.0000
 94.9000 0.2250 -1.2750 0.0000
 95.0000 0.2250 -1.2750 0.0000
 95.1000 0.2250 -1.2750 0.0000
 95.2000 0.2250 -1.2750 0.0000
 95.3000 0.2250 -1.2750 0.0000
 95.4000 0.2250 -1.2750 0.0000
 95.5000 0.2250 -1.2750 0.0000
 95.6000 0.2250 -1.2750 0.0000
 95.7000 0.2250 -1.2750 0.0000
 95.8000 0.2250 -1.2750 0.0000
 95.9000 0.2250 -1.2750 0.0000
 96.0000 0.2250 -1.2750 0.0000
 96.1000 0.2250 -1.2750 0.0000
 96.2000 0.2250 -1.2750 0.0000
 96.3000 0.2250 -1.2750 0.0000
 96.4000 0.2250 -1.2750 0.0000
 96.5000 0.2250 -1.2750 0.0000
 96.6000 0.2250 -1.2750 0.0000
 96.7000 0.2250 -1.2750 0.0000
 96.8000 0.2250 -1.2750 0.0000
 96.9000 0.2250 -1.2750 0.0000
 97.0000 0.2250 -1.2750 0.0000
 97.1000 0.2250 -1.2750 0.0000
 97.2000 0.2250 -1.2750 0.0000
 97.3000 0.2250 -1.2750 0.0000
 97.4000 0.2250 -1.2750 0.0000
 97.5000 0.2250 -1.2750 0.0000
 97.6000 0.2250 -1.2750 0.0000
 97.7000 0.2250 -1.2750 0.0000
 97.8000 0.2250 -1.2750 0.0000
 97.9000 0.2250 -1.2750 0.0000
 98.0000 0.2250 -1.2750 0.0000
 0.0000 0.0000 0.0000 0.0000
 0.1000 0.0000 0.0000 0.0000
 0.2000 0.0000 0.0000 0.0000
 0.3000 0.0000 0.0000 0.0000
 0.4000 0.0000 0.0000 0.0000
 0.5000 0.0000 0.0000 0.0000
 0.6000 0.0000 0.0000 0.0000
 0.7000 0.0000 0.0000 0.0000
 0.8000 0.0000 0.0000 0.0000
 0.9000 0.0000 0.0000 0.0000
 1.0000 0.0000 0.0000 0.0000
 1.1000 0.0000 0.0000 0.0000
 1.2000 0.0000 0.0000 0.0000
 1.3000 0.0000 0.0000 0.0000
 1.4000 0.0000 0.0000 0.0000
 1.5000 0.0000 0.0000 0.0000
 1.6000 0.0000 0.0000 0.0000
 1.7000 0.0000 0.0000 0.0000
 1.8000 0.0000 0.0000 0.0000
 1.9000 0.0000 0.0000 0.0000
 2.0000 0.0000 0.0000 0.0000
 2.1000 0.0000 0.0000 0.0000
 2.2000 0.0000 0.0000 0.0000
 2.3000 0.0000 0.0000 0.0000
 2.4000 0.0000 0.0000 0.0000
 2.5000 0.0000 0.0000 0.0000
 2.6000 0.0000 0.0000 0.0000
 2.7000 0.0000 0.0000 0.0000
 2.8000 0.0000 0.0000 0.0000
 2.9000 0.0000 0.0000 0.0000
 3.0000 0.0000 0.0000 0.0000
 3.1000 0.0000 0.0000 0.0000
 3.2000 0.0000 0.0000 0.0000
 3.3000 0.0000 0.0000 0.0000
 3.4000 0.0000 0.0000 0.0000
 3.5000 0.0000 0.0000 0.0000
 3.6000 0.0000 0.0000 0.0000
 3.7000 0.0000 0.0000 0.0000
 3.8000 0.0000 0.0000 0.0000
 3.9000 0.0000 0.0000 0.0000
 4.0000 0.0000 0.0000 0.0000
 4.1000 0.0000 0.0000 0.0000
 4.2000 0.0000 0.0000 0.0000
 4.3000 0.0000 0.0000 0.0000
 4.4000 0.0000 0.0000 0.0000
 4.5000 0.0000 0.0000 0.0000
 4.6000 0.0000 0.0000 0.0000
 4.7000 0.0000 0.0000 0.0000
 4.8000 0.0000 0.0000 0.0000
 4.9000 0.0000 0.0000 0.0000
 5.0000 0.0000 0.0000 0.0000
 0.0000 0.0000 0.0000 0.0000
 0.1000 0.0064 0.0000 0.0000
 0.2000 0.0129 0.0000 0.0000
 0.3000 0.0193 0.0000 0.0000
 0.4000 0.0258 0.0000 0.0000
 0.5000 0.0322 0.0000 0.0000
 0.6000 0.0386 0.0000 0.0000
 0.7000 0.0451 0.0000 0.0000
 0.8000 0.0515 0.0000 0.0000
 0.9000 0.0580 0.0000 0.0000
 1.0000 0.0644 0.0000 0.0000
 1.1000 0.0708 0.0000 0.0000
 1.2000 0.0773 0.0000 0.0000
 1.3000 0.0837 0.0000 0.0000
 1.4000 0.0902 0.0000 0.0000
 1.5000 0.0966 0.0000 0.0000
 1.6000 0.1030 0.0000 0.0000
 1.7000 0.1095 0.0000 0.0000
 1.8000 0.1159 0.0000 0.0000
 1.9000 0.1224 0.0000 0.0000
 2.0000 0.1288 0.0000 0.0000
 2.1000 0.1352 0.0000 0.0000
 2.2000 0.1417 0.0000 0.0000
 2.3000 0.1481 0.0000 0.0000
 2.4000 0.1546 0.0000 0.0000
 2.5000 0.1610 0.0000 0.0000
 2.6000 0.1674 0.0000 0.0000
 2.7000 0.1739 0.0000 0.0000
 2.8000 0.1803 0.0000 0.0000
 2.9000 0.1868 0.0000 0.0000
 3.0000 0.1932 0.0000 0.0000
 3.1000 0.1996 0.0000 0.0000
 3.2000 0.2061 0.0000 0.0000
 3.3000 0.2125 0.0000 0.0000
 3.4000 0.2190 0.0000 0.0000
 3.5000 0.2254 0.0000 0.0000
 3.6000 0.2318 0.0000 0.0000
 3.7000 0.2383 0.0000 0.0000
 3.8000 0.2447 0.0000 0.0000
 3.9000 0.2512 0.0000 0.0000
 4.0000 0.2576 0.0000 0.0000
 4.1000 0.2641 0.0000 0.0000
 4.2000 0.2705 0.0000 0.0000
 4.3000 0.2769 0.0000 0.0000
 4.4000 0.2834 0.0000 0.0000
 4.5000 0.2898 0.0000 0.0000
 4.6000 0.2963 0.0000 0.0000
 4.7000 0.3027 0.0000 0.0000
 4.8000 0.3091 0.0000 0.0000
 4.9000 0.3156 0.0000 0.0000
 5.0000 0.3220 0.0000 0.0000
 5.1000 0.3285 0.0000 0.0000
 5.2000 0.3349 0.0000 0.0000
 5.3000 0.3413 0.0000 0.0000
 5.4000 0.3478 0.0000 0.0000
 5.5000 0.3542 0.0000 0.0000
 5.6000 0.3607 0.0000 0.0000
 5.7000 0.3671 0.0000 0.0000
 5.8000 0.3735 0.0000 0.0000
 5.9000 0.3800 0.0000 0.0000
 6.0000 0.3864 0.0000 0.0000
 6.1000 0.3929 0.0000 0.0000
 6.2000 0.3993 0.0000 0.0000
 6.3000 0.4057 0.0000 0.0000
 6.4000 0.4122 0.0000 0.0000
 6.5000 0.4186 0.0000 0.0000
 6.6000 0.4251 0.0000 0.0000
 6.7000 0.4315 0.0000 0.0000
 6.8000 0.4379 0.0000 0.0000
 6.9000 0.4444 0.0000 0.0000
 7.0000 0.4508 0.0000 0.0000
 7.1000 0.4573 0.0000 0.0000
 7.2000 0.4637 0.0000 0.0000
 7.3000 0.4701 0.0000 0.0000
 7.4000 0.4766 0.0000 0.0000
 7.5000 0.4830 0.0000 0.0000
 7.6000 0.4895 0.0000 0.0000
 7.7000 0.4959 0.0000 0.0000
 7.8000 0.5023 0.0000 0.0000
 7.9000 0.5088 0.0000 0.0000
 8.0000 0.5152 0.0000 0.0000
 8.1000 0.5217 0.0000 0.0000
 8.2000 0.5281 0.0000 0.0000
 8.3000 0.5345 0.0000 0.0000
 8.4000 0.5410 0.0000 0.0000
 8.5000 0.5474 0.0000 0.0000
 8.6000 0.5539 0.0000 0.0000
 8.7000 0.5603 0.0000 0.0000
 8.8000 0.5667 0.0000 0.0000
 8.9000 0.5732 0.0000 0.0000
 9.0000 0.5796 0.0000 0.0000
 9.1000 0.5861 0.0000 0.0000
 9.2000 0.5925 0.0000 0.0000
 9.3000 0.5989 0.0000 0.0000
 9.4000 0.6054 0.0000 0.0000
 9.5000 0.6118 0.0000 0.0000
 9.6000 0.6183 0.0000 0.0000
 9.7000 0.6247 0.0000 0.0000
 9.8000 0.6311 0.0000 0.0000
 9.9000 0.6376 0.0000 0.0000
 10.0000 0.6440 0.0000 0.0000
 10.1000 0.6505 0.0000 0.0000
 10.2000 0.6569 0.0000 0.0000
 10.3000 0.6633 0.0000 0.0000
 10.4000 0.6698 0.0000 0.0000
 10.5000 0.6762 0.0000 0.0000
 10.6000 0.6827 0.0000 0.0000
 10.7000 0.6891 0.0000 0.0000
 10.8000 0.6955 0.0000 0.0000
 10.9000 0.7020 0.0000 0.0000
 11.0000 0.7084 0.0000 0.0000
 11.1000 0.7149 0.0000 0.0000
 11.2000 0.7213 0.0000 0.0000
 11.3000 0.7277 0.0000 0.0000
 11.4000 0.7342 0.0000 0.0000
 11.5000 0.7406 0.0000 0.0000
 11.6000 0.7471 0.0000 0.0000
 11.7000 0.7535 0.0000 0.0000
 11.8000 0.7600 0.0000 0.0000
 11.9000 0.7664 0.0000 0.0000
 12.0000 0.7728 0.0000 0.0000
 12.1000 0.7793 0.0000 0.0000
 12.2000 0.7857 0.0000 0.0000
 12.3000 0.7922 0.0000 0.0000
 12.4000 0.7986 0.0000 0.0000
 12.5000 0.8050 0.0000 0.0000
 12.6000 0.8115 0.0000 0.0000
 12.7000 0.8179 0.0000 0.0000
 12.8000 0.8244 0.0000 0.0000
 12.9000 0.8308 0.0000 0.0000
 13.0000 0.8372 0.0000 0.0000
 13.1000 0.8437 0.0000 0.0000
 13.2000 0.8501 0.0000 0.0000
 13.3000 0.8566 0.0000 0.0000
 13.4000 0.8630 0.0000 0.0000
 13.5000 0.8694 0.0000 0.0000
 13.6000 0.8759 0.0000 0.0000
 13.7000 0.8823 0.0000 0.0000
 13.8000 0.8888 0.0000 0.0000
 13.9000 0.8952 0.0000 0.0000
 14.0000 0.9016 0.0000 0.0000
 14.1000 0.9081 0.0000 0.0000
 14.2000 0.9145 0.0000 0.0000
 14.3000 0.9210 0.0000 0.0000
 14.4000 0.9274 0.0000 0.0000
 14.5000 0.9338 0.0000 0.0000
 14.6000 0.9403 0.0000 0.0000
 14.7000 0.9467 0.0000 0.0000
 14.8000 0.9532 0.0000 0.0000
 14.9000 0.9596 0.0000 0.0000
 15.0000 0.9660 0.0000 0.0000
 15.1000 0.9725 0.0000 0.0000
 15.2000 0.9789 0.0000 0.0000
 15.3000 0.9854 0.0000 0.0000
 15.4000 0.9918 0.0000 0.0000
 15.5000 0.9982 0.0000 0.0000
 15.6000 1.0047 0.0000 0.0000
 0.0000 0.0000 0.0000 0.0000
 0.1000 -0.0013 0.0000 0.0000
 0.2000 -0.0026 0.0000 0.0000
 0.3000 -0.0039 0.0000 0.0000
 0.4000 -0.0052 0.0000 0.0000
 0.5000 -0.0064 0.0000 0.0000
 0.6000 -0.0077 0.0000 0.0000
 0.7000 -0.0090 0.0000 0.0000
 0.8000 -0.0103 0.0000 0.0000
 0.9000 -0.0116 0.0000 0.0000
 1.0000 -0.0129 0.0000 0.0000
 1.1000 -0.0142 0.0000 0.0000
 1.2000 -0.0155 0.0000 0.0000
 1.3000 -0.0167 0.0000 0.0000
 1.4000 -0.0180 0.0000 0.0000
 1.5000 -0.0193 0.0000 0.0000
 1.6000 -0.0206 0.0000 0.0000
 1.7000 -0.0219 0.0000 0.0000
 1.8000 -0.0232 0.0000 0.0000
 1.9000 -0.0245 0.0000 0.0000
 2.0000 -0.0258 0.0000 0.0000
 2.1000 -0.0270 0.0000 0.0000
 2.2000 -0.0283 0.0000 0.0000
 2.3000 -0.0296 0.0000 0.0000
 2.4000 -0.0309 0.0000 0.0000
 2.5000 -0.0322 0.0000 0.0000
 2.6000 -0.0335 0.0000 0.0000
 2.7000 -0.0348 0.0000 0.0000
 2.8000 -0.0361 0.0000 0.0000
 2.9000 -0.0374 0.0000 0.0000
 3.0000 -0.0386 0.0000 0.0000
 3.1000 -0.0399 0.0000 0.0000
 3.2000 -0.0412 0.0000 0.0000
 3.3000 -0.0425 0.0000 0.0000
 3.4000 -0.0438 0.0000 0.0000
 3.5000 -0.0451 0.0000 0.0000
 3.6000 -0.0464 0.0000 0.0000
 3.7000 -0.0477 0.0000 0.0000
 3.8000 -0.0489 0.0000 0.0000
 3.9000 -0.0502 0.0000 0.0000
 4.0000 -0.0515 0.0000 0.0000
 4.1000 -0.0528 0.0000 0.0000
 4.2000 -0.0541 0.0000 0.0000
 4.3000 -0.0554 0.0000 0.0000
 4.4000 -0.0567 0.0000 0.0000
 4.5000 -0.0580 0.0000 0.0000
 4.6000 -0.0593 0.0000 0.0000
 4.7000 -0.0605 0.0000 0.0000
 4.8000 -0.0618 0.0000 0.0000
 4.9000 -0.0631 0.0000 0.0000
 5.0000 -0.0644 0.0000 0.0000
 5.1000 -0.0657 0.0000 0.0000
 5.2000 -0.0670 0.0000 0.0000
 5.3000 -0.0683 0.0000 0.0000
 5.4000 -0.0696 0.0000 0.0000
 5.5000 -0.0708 0.0000 0.0000
 5.6000 -0.0721 0.0000 0.0000
 5.7000 -0.0734 0.0000 0.0000
 5.8000 -0.0747 0.0000 0.0000
 5.9000 -0.0760 0.0000 0.0000
 6.0000 -0.0773 0.0000 0.0000
 6.1000 -0.0786 0.0000 0.0000
 6.2000 -0.0799 0.0000 0.0000
 6.3000 -0.0811 0.0000 0.0000
 6.4000 -0.0824 0.0000 0.0000
 6.5000 -0.0837 0.0000 0.0000
 6.6000 -0.0850 0.0000 0.0000
 6.7000 -0.0863 0.0000 0.0000
 6.8000 -0.0876 0.0000 0.0000
 6.9000 -0.0889 0.0000 0.0000
 7.0000 -0.0902 0.0000 0.0000
 7.1000 -0.0915 0.0000 0.0000
 7.2000 -0.0927 0.0000 0.0000
 7.3000 -0.0940 0.0000 0.0000
 7.4000 -0.0953 0.0000 0.0000
 7.5000 -0.0966 0.0000 0.0000
 7.6000 -0.0979 0.0000 0.0000
 7.7000 -0.0992 0.0000 0.0000
 7.8000 -0.1005 0.0000 0.0000
 7.9000 -0.1018 0.0000 0.0000
 8.0000 -0.1030 0.0000 0.0000
 8.1000 -0.1043 0.0000 0.0000
 8.2000 -0.1056 0.0000 0.0000
 8.3000 -0.1069 0.0000 0.0000
 8.4000 -0.1082 0.0000 0.0000
 8.5000 -0.1095 0.0000 0.0000
 8.6000 -0.1108 0.0000 0.0000
 8.7000 -0.1121 0.0000 0.0000
 8.8000 -0.1133 0.0000 0.0000
 8.9000 -0.1146 0.0000 0.0000
 9.0000 -0.1159 0.0000 0.0000
 9.1000 -0.1172 0.0000 0.0000
 9.2000 -0.1185 0.0000 0.0000
 9.3000 -0.1198 0.0000 0.0000
 9.4000 -0.1211 0.0000 0.0000
 9.5000 -0.1224 0.0000 0.0000
 9.6000 -0.1237 0.0000 0.0000
 9.7000 -0.1249 0.0000 0.0000
 9.8000 -0.1262 0.0000 0.0000
 9.9000 -0.1275 0.0000 0.0000
 10.0000 -0.1288 0.0000 0.0000
 10.1000 -0.1301 0.0000 0.0000
 10.2000 -0.1314 0.0000 0.0000
 10.3000 -0.1327 0.0000 0.0000
 10.4000 -0.1340 0.0000 0.0000
 10.5000 -0.1352 0.0000 0.0000
 10.6000 -0.1365 0.0000 0.0000
 10.7000 -0.1378 0.0000 0.0000
 10.8000 -0.1391 0.0000 0.0000
 10.9000 -0.1404 0.0000 0.0000
 11.0000 -0.1417 0.0000 0.0000
 11.1000 -0.1430 0.0000 0.0000
 11.2000 -0.1443 0.0000 0.0000
 11.3000 -0.1455 0.0000 0.0000
 11.4000 -0.1468 0.0000 0.0000
 11.5000 -0.1481 0.0000 0.0000
 11.6000 -0.1494 0.0000 0.0000
 11.7000 -0.1507 0.0000 0.0000
 11.8000 -0.1520 0.0000 0.0000
 11.9000 -0.1533 0.0000 0.0000
 12.0000 -0.1546 0.0000 0.0000
 12.1000 -0.1559 0.0000 0.0000
 12.2000 -0.1571 0.0000 0.0000
 12.3000 -0.1584 0.0000 0.0000
 12.4000 -0.1597 0.0000 0.0000
 12.5000 -0.1610 0.0000 0.0000
 12.6000 -0.1623 0.0000 0.0000
 12.7000 -0.1636 0.0000 0.0000
 12.8000 -0.1649 0.0000 0.0000
 12.9000 -0.1662 0.0000 0.0000
 13.0000 -0.1674 0.0000 0.0000
 13.1000 -0.1687 0.0000 0.0000
 13.2000 -0.1700 0.0000 0.0000
 13.3000 -0.1713 0.0000 0.0000
 13.4000 -0.1726 0.0000 0.0000
 13.5000 -0.1739 0.0000 0.0000
 13.6000 -0.1752 0.0000 0.0000
 13.7000 -0.1765 0.0000 0.0000
 13.8000 -0.1778 0.0000 0.0000
 13.9000 -0.1790 0.0000 0.0000
 14.0000 -0.1803 0.0000 0.0000
 14.1000 -0.1816 0.0000 0.0000
 14.2000 -0.1829 0.0000 0.0000
 14.3000 -0.1842 0.0000 0.0000
 14.4000 -0.1855 0.0000 0.0000
 14.5000 -0.1868 0.0000 0.0000
 14.6000 -0.1881 0.0000 0.0000
 14.7000 -0.1893 0.0000 0.0000
 14.8000 -0.1906 0.0000 0.0000
 14.9000 -0.1919 0.0000 0.0000
 15.0000 -0.1932 0.0000 0.0000
 15.1000 -0.1945 0.0000 0.0000
 15.2000 -0.1958 0.0000 0.0000
 15.3000 -0.1971 0.0000 0.0000
 15.4000 -0.1984 0.0000 0.0000
 15.5000 -0.1996 0.0000 0.0000
 15.6000 -0.2009 0.0000 0.0000
 15.7000 -0.2022 0.0000 0.0000
 15.8000 -0.2035 0.0000 0.0000
 15.9000 -0.2048 0.0000 0.0000
 16.0000 -0.2061 0.0000 0.0000
 16.1000 -0.2074 0.0000 0.0000
 16.2000 -0.2087 0.0000 0.0000
 16.3000 -0.2100 0.0000 0.0000
 16.4000 -0.2112 0.0000 0.0000
 16.5000 -0.2125 0.0000 0.0000
 16.6000 -0.2138 0.0000 0.0000
 16.7000 -0.2151 0.0000 0.0000
 16.8000 -0.2164 0.0000 0.0000
 16.9000 -0.2177 0.0000 0.0000
 17.0000 -0.2190 0.0000 0.0000
 17.1000 -0.2203 0.0000 0.0000
 17.2000 -0.2215 0.0000 0.0000
 17.3000 -0.2228 0.0000 0.0000
 17.4000 -0.2241 0.0000 0.0000
 17.5000 -0.2254 0.0000 0.0000
 17.6000 -0.2267 0.0000 0.0000
 17.7000 -0.2280 0.0000 0.0000
 17.8000 -0.2293 0.0000 0.0000
 17.9000 -0.2306 0.0000 0.0000
 18.0000 -0.2318 0.0000 0.0000
 18.1000 -0.2331 0.0000 0.0000
 18.2000 -0.2344 0.0000 0.0000
 18.3000 -0.2357 0.0000 0.0000
 18.4000 -0.2370 0.0000 0.0000
 18.5000 -0.2383 0.0000 0.0000
 18.6000 -0.2396 0.0000 0.0000
 18.7000 -0.2409 0.0000 0.0000
 18.8000 -0.2422 0.0000 0.0000
 18.9000 -0.2434 0.0000 0.0000
 19.0000 -0.2447 0.0000 0.0000
 19.1000 -0.2460 0.0000 0.0000
 19.2000 -0.2473 0.0000 0.0000
 19.3000 -0.2486 0.0000 0.0000
 19.4000 -0.2499 0.0000 0.0000
 19.5000 -0.2512 0.0000 0.0000
 19.6000 -0.2525 0.0000 0.0000
 19.7000 -0.2537 0.0000 0.0000
 19.8000 -0.2550 0.0000 0.0000
 19.9000 -0.2563 0.0000 0.0000
 20.0000 -0.2576 0.0000 0.0000
 20.1000 -0.2589 0.0000 0.0000
 20.2000 -0.2602 0.0000 0.0000
 20.3000 -0.2615 0.0000 0.0000
 20.4000 -0.2628 0.0000 0.0000
 20.5000 -0.2641 0.0000 0.0000
 20.6000 -0.2653 0.0000 0.0000
 20.7000 -0.2666 0.0000 0.0000
 20.8000 -0.2679 0.0000 0.0000
 20.9000 -0.2692 0.0000 0.0000
 21.0000 -0.2705 0.0000 0.0000
 21.1000 -0.2718 0.0000 0.0000
 21.2000 -0.2731 0.0000 0.0000
 21.3000 -0.2744 0.0000 0.0000
 21.4000 -0.2756 0.0000 0.0000
 21.5000 -0.2769 0.0000 0.0000
 21.6000 -0.2782 0.0000 0.0000
 21.7000 -0.2795 0.0000 0.0000
 21.8000 -0.2808 0.0000 0.0000
 21.9000 -0.2821 0.0000 0.0000
 22.0000 -0.2834 0.0000 0.0000
 22.1000 -0.2847 0.0000 0.0000
 22.2000 -0.2859 0.0000 0.0000
 22.3000 -0.2872 0.0000 0.0000
 22.4000 -0.2885 0.0000 0.0000
 22.5000 -0.2898 0.0000 0.0000
 22.6000 -0.2911 0.0000 0.0000
 22.7000 -0.2924 0.0000 0.0000
 22.8000 -0.2937 0.0000 0.0000
 22.9000 -0.2950 0.0000 0.0000
 23.0000 -0.2963 0.0000 0.0000
 23.1000 -0.2975 0.0000 0.0000
 23.2000 -0.2988 0.0000 0.0000
 23.3000 -0.3001 0.0000 0.0000
 23.4000 -0.3014 0.0000 0.0000
 23.5000 -0.3027 0.0000 0.0000
 23.6000 -0.3040 0.0000 0.0000
 23.7000 -0.3053 0.0000 0.0000
 23.8000 -0.3066 0.0000 0.0000
 23.9000 -0.3078 0.0000 0.0000
 24.0000 -0.3091 0.0000 0.0000
 24.1000 -0.3104 0.0000 0.0000
 24.2000 -0.3117 0.0000 0.0000
 24.3000 -0.3130 0.0000 0.0000
 24.4000 -0.3143 0.0000 0.0000
 24.5000 -0.3156 0.0000 0.0000
 24.6000 -0.3169 0.0000 0.0000
 24.7000 -0.3181 0.0000 0.0000
 24.8000 -0.3194 0.0000 0.0000
 24.9000 -0.3207 0.0000 0.0000
 25.0000 -0.3220 0.0000 0.0000
 25.1000 -0.3233 0.0000 0.0000
 25.2000 -0.3246 0.0000 0.0000
 25.3000 -0.3259 0.0000 0.0000
 25.4000 -0.3272 0.0000 0.0000
 25.5000 -0.3285 0.0000 0.0000
 25.6000 -0.3297 0.0000 0.0000
 25.7000 -0.3310 0.0000 0.0000
 25.8000 -0.3323 0.0000 0.0000
 25.9000 -0.3336 0.0000 0.0000
 26.0000 -0.3349 0.0000 0.0000
 26.1000 -0.3362 0.0000 0.0000
 26.2000 -0.3375 0.0000 0.0000
 26.3000 -0.3388 0.0000 0.0000
 26.4000 -0.3400 0.0000 0.0000
 26.5000 -0.3413 0.0000 0.0000
 26.6000 -0.3426 0.0000 0.0000
 26.7000 -0.3439 0.0000 0.0000
 26.8000 -0.3452 0.0000 0.0000
 26.9000 -0.3465 0.0000 0.0000
 27.0000 -0.3478 0.0000 0.0000
 27.1000 -0.3491 0.0000 0.0000
 27.2000 -0.3504 0.0000 0.0000
 27.3000 -0.3516 0.0000 0.0000
 27.4000 -0.3529 0.0000 0.0000
 27.5000 -0.3542 0.0000 0.0000
 27.6000 -0.3555 0.0000 0.0000
 27.7000 -0.3568 0.0000 0.0000
 27.8000 -0.3581 0.0000 0.0000
 27.9000 -0.3594 0.0000 0.0000
 28.0000 -0.3607 0.0000 0.0000
 28.1000 -0.3619 0.0000 0.0000
 28.2000 -0.3632 0.0000 0.0000
 28.3000 -0.3645 0.0000 0.0000
 28.4000 -0.3658 0.0000 0.0000
 28.5000 -0.3671 0.0000 0.0000
 28.6000 -0.3684 0.0000 0.0000
 28.7000 -0.3697 0.0000 0.0000
 28.8000 -0.3710 0.0000 0.0000
 28.9000 -0.3722 0.0000 0.0000
 29.0000 -0.3735 0.0000 0.0000
 29.1000 -0.3748 0.0000 0.0000
 29.2000 -0.3761 0.0000 0.0000
 29.3000 -0.3774 0.0000 0.0000
 29.4000 -0.3787 0.0000 0.0000
 29.5000 -0.3800 0.0000 0.0000
 29.6000 -0.3813 0.0000 0.0000
 29.7000 -0.3826 0.0000 0.0000
 29.8000 -0.3838 0.0000 0.0000
 29.9000 -0.3851 0.0000 0.0000
 30.0000 -0.3864 0.0000 0.0000
 30.1000 -0.3877 0.0000 0.0000
 30.2000 -0.3890 0.0000 0.0000
 30.3000 -0.3903 0.0000 0.0000
 30.4000 -0.3916 0.0000 0.0000
 30.5000 -0.3929 0.0000 0.0000
 30.6000 -0.3941 0.0000 0.0000
 30.7000 -0.3954 0.0000 0.0000
 30.8000 -0.3967 0.0000 0.0000
 30.9000 -0.3980 0.0000 0.0000
 31.0000 -0.3993 0.0000 0.0000
 31.1000 -0.4006 0.0000 0.0000
 31.2000 -0.4019 0.0000 0.0000
 31.3000 -0.4032 0.0000 0.0000
 31.4000 -0.4044 0.0000 0.0000
 31.5000 -0.4057 0.0000 0.0000
 31.6000 -0.4070 0.0000 0.0000
 31.7000 -0.4083 0.0000 0.0000
 31.8000 -0.4096 0.0000 0.0000
 31.9000 -0.4109 0.0000 0.0000
 32.0000 -0.4122 0.0000 0.0000
 32.1000 -0.4135 0.0000 0.0000
 32.2000 -0.4148 0.0000 0.0000
 32.3000 -0.4160 0.0000 0.0000
 32.4000 -0.4173 0.0000 0.0000
 32.5000 -0.4186 0.0000 0.0000
 32.6000 -0.4199 0.0000 0.0000
 32.7000 -0.4212 0.0000 0.0000
 32.8000 -0.4225 0.0000 0.0000
 32.9000 -0.4238 0.0000 0.0000
 33.0000 -0.4251 0.0000 0.0000
 33.1000 -0.4263 0.0000 0.0000
 33.2000 -0.4276 0.0000 0.0000
 33.3000 -0.4289 0.0000 0.0000
 33.4000 -0.4302 0.0000 0.0000
 33.5000 -0.4315 0.0000 0.0000
 33.6000 -0.4328 0.0000 0.0000
 33.7000 -0.4341 0.0000 0.0000
 33.8000 -0.4354 0.0000 0.0000
 33.9000 -0.4366 0.0000 0.0000
 34.0000 -0.4379 0.0000 0.0000
 34.1000 -0.4392 0.0000 0.0000
 34.2000 -0.4405 0.0000 0.0000
 34.3000 -0.4418 0.0000 0.0000
 34.4000 -0.4431 0.0000 0.0000
 34.5000 -0.4444 0.0000 0.0000
 34.6000 -0.4457 0.0000 0.0000
 34.7000 -0.4470 0.0000 0.0000
 34.8000 -0.4482 0.0000 0.0000
 34.9000 -0.4495 0.0000 0.0000
 35.0000 -0.4508 0.0000 0.0000
 35.1000 -0.4521 0.0000 0.0000
 35.2000 -0.4534 0.0000 0.0000
 35.3000 -0.4547 0.0000 0.0000
 35.4000 -0.4560 0.0000 0.0000
 35.5000 -0.4573 0.0000 0.0000
 35.6000 -0.4585 0.0000 0.0000
 35.7000 -0.4598 0.0000 0.0000
 35.8000 -0.4611 0.0000 0.0000
 35.9000 -0.4624 0.0000 0.0000
 36.0000 -0.4637 0.0000 0.0000
 36.1000 -0.4650 0.0000 0.0000
 36.2000 -0.4663 0.0000 0.0000
 36.3000 -0.4676 0.0000 0.0000
 36.4000 -0.4689 0.0000 0.0000
 36.5000 -0.4701 0.0000 0.0000
 36.6000 -0.4714 0.0000 0.0000
 36.7000 -0.4727 0.0000 0.0000
 36.8000 -0.4740 0.0000 0.0000
 36.9000 -0.4753 0.0000 0.0000
 37.0000 -0.4766 0.0000 0.0000
 37.1000 -0.4779 0.0000 0.0000
 37.2000 -0.4792 0.0000 0.0000
 37.3000 -0.4804 0.0000 0.0000
 37.4000 -0.4817 0.0000 0.0000
