11.9000
12.0000
12.1000
12.2000
12.3000
12.4000
12.5000
12.6000
12.7000
12.8000
15.9000
16.0000
16.1000
16.2000
16.3000
16.4000
16.5000
16.6000
16.7000
16.8000
16.9000
17.0000
17.1000
17.2000
17.3000
17.4000
20.6000
20.7000
20.8000
20.9000
21.0000
21.1000
21.2000
21.3000
21.4000
21.5000
21.6000
21.7000
21.8000
21.9000
25.7000
25.8000
25.9000
26.0000
26.1000
26.2000
26.3000
26.4000
26.5000
26.6000
26.7000
26.8000
26.9000
27.0000
32.8000
32.9000
33.0000
33.1000
33.2000
33.3000
33.4000
33.5000
33.6000
33.7000
33.8000
33.9000
34.0000
34.1000
42.4000
42.5000
42.6000
42.7000
42.8000
42.9000
43.0000
43.1000
43.2000
43.3000
43.4000
43.5000
43.6000
43.7000
51.3000
51.4000
51.5000
51.6000
51.7000
51.8000
51.9000
52.0000
52.1000
52.2000
52.3000
52.4000
52.5000
52.6000
60.2000
60.3000
60.4000
60.5000
60.6000
60.7000
60.8000
60.9000
61.0000
61.1000
61.2000
61.3000
61.4000
61.5000
69.3000
69.4000
69.5000
69.6000
69.7000
69.8000
69.9000
70.0000
70.1000
70.2000
70.3000
70.4000
70.5000
70.6000
2.0000
26.8000
26.9000
2.7000
2.8000
2.9000
3.0000
3.1000
3.2000
3.3000
3.4000
3.5000
3.6000
3.7000
16.4000
16.5000
16.6000
16.7000
16.8000
18.4000
18.5000
18.6000
18.7000
22.4000
22.5000
22.6000
22.7000
22.8000
22.9000
23.0000
23.1000
24.4000
24.5000
24.6000
24.7000
24.8000
24.9000
25.0000
25.1000
28.7000
28.8000
28.9000
29.0000
29.1000
29.2000
29.3000
30.6000
30.7000
30.8000
30.9000
31.0000
31.1000
31.2000
31.3000
35.0000
35.1000
35.2000
35.3000
35.4000
35.5000
35.6000
36.9000
37.0000
37.1000
37.2000
37.3000
37.4000
37.5000
37.6000
41.2000
41.3000
41.4000
41.5000
41.6000
41.7000
41.8000
43.1000
43.2000
43.3000
43.4000
43.5000
43.6000
43.7000
43.8000
47.5000
47.6000
47.7000
47.8000
47.9000
48.0000
48.1000
49.4000
49.5000
49.6000
49.7000
49.8000
49.9000
50.0000
53.6000
53.7000
53.8000
53.9000
54.0000
54.1000
54.2000
54.3000
55.6000
55.7000
55.8000
55.9000
56.0000
56.1000
56.2000
56.3000
59.9000
60.0000
60.1000
60.2000
60.3000
60.4000
60.5000
60.6000
61.9000
62.0000
62.1000
62.2000
62.3000
62.4000
62.5000
62.6000
66.2000
66.3000
66.4000
66.5000
66.6000
66.7000
66.8000
68.1000
68.2000
68.3000
68.4000
68.5000
68.6000
68.7000
68.8000
72.4000
72.5000
72.6000
72.7000
72.8000
72.9000
73.0000
73.1000
74.4000
74.5000
74.6000
74.7000
74.8000
74.9000
75.0000
75.1000
78.7000
78.8000
78.9000
79.0000
79.1000
79.2000
79.3000
80.6000
80.7000
80.8000
80.9000
81.0000
81.1000
81.2000
81.3000
85.0000
85.1000
85.2000
85.3000
85.4000
85.5000
85.6000
86.9000
87.0000
87.1000
87.2000
87.3000
87.4000
87.5000
91.2000
91.3000
91.4000
91.5000
91.6000
91.7000
91.8000
93.1000
93.2000
93.3000
93.4000
93.5000
93.6000
93.7000
93.8000
97.4000
97.5000
97.6000
97.7000
97.8000
97.9000
98.0000
98.1000
99.4000
99.5000
99.6000
99.7000
99.8000
99.9000
100.0000
100.1000
103.6000
103.7000
103.8000
103.9000
104.0000
104.1000
104.2000
104.3000
105.6000
105.7000
105.8000
105.9000
106.0000
106.1000
106.2000
106.3000
109.9000
110.0000
110.1000
110.2000
110.3000
110.4000
110.5000
110.6000
111.9000
112.0000
112.1000
112.2000
112.3000
112.4000
112.5000
112.6000
116.2000
116.3000
116.4000
116.5000
116.6000
116.7000
116.8000
118.1000
118.2000
118.3000
118.4000
118.5000
118.6000
118.7000
118.8000
122.4000
122.5000
122.6000
122.7000
122.8000
122.9000
123.0000
123.1000
124.4000
124.5000
124.6000
124.7000
124.8000
124.9000
125.0000
125.1000
128.7000
128.8000
128.9000
129.0000
129.1000
129.2000
129.3000
130.6000
130.7000
130.8000
130.9000
131.0000
131.1000
131.2000
131.3000
134.9000
135.0000
135.1000
135.2000
135.3000
135.4000
135.5000
135.6000
136.9000
137.0000
137.1000
137.2000
137.3000
137.4000
137.5000
137.6000
141.2000
141.3000
141.4000
141.5000
141.6000
141.7000
141.8000
143.1000
143.2000
143.3000
143.4000
143.5000
143.6000
143.7000
143.8000
147.5000
147.6000
147.7000
147.8000
147.9000
148.0000
148.1000
149.4000
149.5000
149.6000
149.7000
149.8000
149.9000
150.0000
153.7000
153.8000
153.9000
154.0000
154.1000
154.2000
154.3000
155.6000
155.7000
155.8000
155.9000
156.0000
156.1000
156.2000
156.3000
159.9000
160.0000
160.1000
160.2000
160.3000
160.4000
160.5000
160.6000
161.9000
162.0000
162.1000
162.2000
162.3000
162.4000
162.5000
162.6000
166.2000
166.3000
166.4000
166.5000
166.6000
166.7000
166.8000
168.1000
168.2000
168.3000
168.4000
168.5000
168.6000
168.7000
168.8000
172.5000
172.6000
172.7000
172.8000
172.9000
173.0000
173.1000
174.4000
174.5000
174.6000
174.7000
174.8000
174.9000
175.0000
178.6000
178.7000
178.8000
178.9000
179.0000
179.1000
179.2000
179.3000
180.6000
180.7000
180.8000
180.9000
181.0000
181.1000
181.2000
181.3000
185.0000
185.1000
185.2000
185.3000
185.4000
185.5000
185.6000
186.9000
187.0000
187.1000
187.2000
187.3000
187.4000
187.5000
191.1000
191.2000
191.3000
191.4000
191.5000
191.6000
191.7000
191.8000
193.1000
193.2000
193.3000
193.4000
193.5000
193.6000
193.7000
193.8000
197.4000
197.5000
197.6000
197.7000
197.8000
197.9000
198.0000
198.1000
199.4000
199.5000
199.6000
199.7000
199.8000
199.9000
200.0000
200.1000
203.7000
203.8000
203.9000
204.0000
204.1000
204.2000
204.3000
205.6000
205.7000
205.8000
205.9000
206.0000
206.1000
206.2000
206.3000
209.9000
210.0000
210.1000
210.2000
210.3000
210.4000
210.5000
210.6000
211.9000
212.0000
212.1000
212.2000
212.3000
212.4000
212.5000
212.6000
216.2000
216.3000
216.4000
216.5000
216.6000
216.7000
216.8000
218.1000
218.2000
218.3000
218.4000
218.5000
218.6000
218.7000
218.8000
222.5000
222.6000
222.7000
222.8000
222.9000
223.0000
223.1000
224.4000
224.5000
224.6000
224.7000
224.8000
224.9000
225.0000
228.7000
228.8000
228.9000
229.0000
229.1000
229.2000
229.3000
230.6000
230.7000
230.8000
230.9000
231.0000
231.1000
231.2000
231.3000
235.0000
235.1000
235.2000
235.3000
235.4000
235.5000
236.9000
237.0000
237.1000
237.2000
237.3000
237.4000
237.5000
241.1000
241.2000
241.3000
241.4000
241.5000
241.6000
241.7000
241.8000
243.1000
243.2000
243.3000
243.4000
243.5000
243.6000
243.7000
243.8000
247.4000
247.5000
247.6000
247.7000
247.8000
247.9000
248.0000
249.3000
249.4000
249.5000
249.6000
249.7000
249.8000
249.9000
250.0000
253.7000
253.8000
253.9000
254.0000
254.1000
254.2000
254.3000
255.6000
255.7000
255.8000
255.9000
256.0000
256.1000
256.2000
256.3000
259.9000
260.0000
260.1000
260.2000
260.3000
260.4000
260.5000
261.8000
261.9000
262.0000
262.1000
262.2000
262.3000
262.4000
262.5000
266.1000
266.2000
266.3000
266.4000
266.5000
266.6000
266.7000
266.8000
268.1000
268.2000
268.3000
268.4000
268.5000
268.6000
268.7000
268.8000
272.3000
272.4000
272.5000
272.6000
272.7000
272.8000
272.9000
273.0000
273.1000
274.3000
274.4000
274.5000
274.6000
274.7000
274.8000
274.9000
275.0000
278.6000
278.7000
278.8000
278.9000
279.0000
279.1000
279.2000
279.3000
280.6000
280.7000
280.8000
280.9000
281.0000
281.1000
281.2000
281.3000
284.9000
285.0000
285.1000
285.2000
285.3000
285.4000
285.5000
285.6000
286.9000
287.0000
287.1000
287.2000
287.3000
287.4000
287.5000
287.6000
291.1000
291.2000
291.3000
291.4000
291.5000
291.6000
291.7000
291.8000
293.1000
293.2000
293.3000
293.4000
293.5000
293.6000
293.7000
293.8000
297.4000
297.5000
297.6000
297.7000
297.8000
297.9000
298.0000
298.1000
299.4000
299.5000
299.6000
299.7000
299.8000
299.9000
300.0000
300.1000
303.7000
303.8000
303.9000
304.0000
304.1000
304.2000
304.3000
305.6000
305.7000
305.8000
305.9000
306.0000
306.1000
306.2000
306.3000
309.9000
310.0000
310.1000
310.2000
310.3000
310.4000
310.5000
310.6000
311.9000
312.0000
312.1000
312.2000
312.3000
312.4000
312.5000
312.6000
316.2000
316.3000
316.4000
316.5000
316.6000
316.7000
316.8000
318.1000
318.2000
318.3000
318.4000
318.5000
318.6000
318.7000
318.8000
322.4000
322.5000
322.6000
322.7000
322.8000
322.9000
323.0000
323.1000
324.4000
324.5000
324.6000
324.7000
324.8000
324.9000
325.0000
325.1000
328.7000
328.8000
328.9000
329.0000
329.1000
329.2000
329.3000
330.6000
330.7000
330.8000
330.9000
331.0000
331.1000
331.2000
331.3000
334.9000
335.0000
335.1000
335.2000
335.3000
335.4000
335.5000
335.6000
336.9000
337.0000
337.1000
337.2000
337.3000
337.4000
337.5000
337.6000
341.2000
341.3000
341.4000
341.5000
341.6000
341.7000
341.8000
343.1000
343.2000
343.3000
343.4000
343.5000
343.6000
343.7000
343.8000
347.5000
347.6000
347.7000
347.8000
347.9000
348.0000
348.1000
349.4000
349.5000
349.6000
349.7000
349.8000
349.9000
350.0000
350.1000
353.7000
353.8000
353.9000
354.0000
354.1000
354.2000
354.3000
355.6000
355.7000
355.8000
355.9000
356.0000
356.1000
356.2000
356.3000
360.0000
360.1000
360.2000
360.3000
360.4000
360.5000
360.6000
361.9000
362.0000
362.1000
362.2000
362.3000
362.4000
362.5000
366.1000
366.2000
366.3000
366.4000
366.5000
366.6000
366.7000
366.8000
368.1000
368.2000
368.3000
368.4000
368.5000
368.6000
368.7000
368.8000
372.4000
372.5000
372.6000
372.7000
372.8000
372.9000
373.0000
373.1000
374.4000
374.5000
374.6000
374.7000
374.8000
374.9000
375.0000
375.1000
378.6000
378.7000
378.8000
378.9000
379.0000
379.1000
379.2000
379.3000
380.6000
380.7000
380.8000
380.9000
381.0000
381.1000
381.2000
381.3000
384.9000
385.0000
385.1000
385.2000
385.3000
385.4000
385.5000
385.6000
386.9000
387.0000
387.1000
387.2000
387.3000
387.4000
387.5000
387.6000
391.1000
391.2000
391.3000
391.4000
391.5000
391.6000
391.7000
391.8000
393.1000
393.2000
393.3000
393.4000
393.5000
393.6000
393.7000
393.8000
397.4000
397.5000
397.6000
397.7000
397.8000
397.9000
398.0000
398.1000
399.4000
399.5000
399.6000
399.7000
399.8000
399.9000
400.0000
400.1000
403.7000
403.8000
403.9000
404.0000
404.1000
404.2000
404.3000
405.6000
405.7000
405.8000
405.9000
406.0000
406.1000
406.2000
406.3000
409.9000
410.0000
410.1000
410.2000
410.3000
410.4000
410.5000
410.6000
411.9000
412.0000
412.1000
412.2000
412.3000
412.4000
412.5000
412.6000
416.2000
416.3000
416.4000
416.5000
416.6000
416.7000
416.8000
418.1000
418.2000
418.3000
418.4000
418.5000
418.6000
418.7000
418.8000
422.5000
422.6000
422.7000
422.8000
422.9000
423.0000
423.1000
424.4000
424.5000
424.6000
424.7000
424.8000
424.9000
425.0000
428.6000
428.7000
428.8000
428.9000
429.0000
429.1000
429.2000
429.3000
430.6000
430.7000
430.8000
430.9000
431.0000
431.1000
431.2000
431.3000
434.9000
435.0000
435.1000
435.2000
435.3000
435.4000
435.5000
435.6000
436.8000
436.9000
437.0000
437.1000
437.2000
437.3000
437.4000
437.5000
437.6000
441.2000
441.3000
441.4000
441.5000
441.6000
441.7000
441.8000
443.1000
443.2000
443.3000
443.4000
443.5000
443.6000
443.7000
443.8000
447.4000
447.5000
447.6000
447.7000
447.8000
447.9000
448.0000
448.1000
449.4000
449.5000
449.6000
449.7000
449.8000
449.9000
450.0000
450.1000
453.7000
453.8000
453.9000
454.0000
454.1000
454.2000
454.3000
455.6000
455.7000
455.8000
455.9000
456.0000
456.1000
456.2000
456.3000
460.0000
460.1000
460.2000
460.3000
460.4000
460.5000
460.6000
461.9000
462.0000
462.1000
462.2000
462.3000
462.4000
462.5000
462.6000
466.2000
466.3000
466.4000
466.5000
466.6000
466.7000
466.8000
468.1000
468.2000
468.3000
468.4000
468.5000
468.6000
468.7000
468.8000
472.4000
472.5000
472.6000
472.7000
472.8000
472.9000
473.0000
473.1000
474.4000
474.5000
474.6000
474.7000
474.8000
474.9000
475.0000
475.1000
478.6000
478.7000
478.8000
478.9000
479.0000
479.1000
479.2000
479.3000
479.4000
480.6000
480.7000
480.8000
480.9000
481.0000
481.1000
481.2000
481.3000
485.0000
485.1000
485.2000
485.3000
485.4000
485.5000
485.6000
486.9000
487.0000
487.1000
487.2000
487.3000
487.4000
487.5000
487.6000
491.2000
491.3000
491.4000
491.5000
491.6000
491.7000
491.8000
491.9000
493.2000
493.3000
493.4000
493.5000
493.6000
493.7000
493.8000
493.9000
497.5000
497.6000
497.7000
497.8000
497.9000
498.0000
498.1000
499.4000
499.5000
499.6000
499.7000
499.8000
499.9000
500.0000
500.1000
503.7000
503.8000
503.9000
504.0000
504.1000
504.2000
504.3000
504.4000
505.7000
505.8000
505.9000
506.0000
506.1000
506.2000
506.3000
506.4000
510.0000
510.1000
510.2000
510.3000
510.4000
510.5000
510.6000
510.7000
512.0000
512.1000
512.2000
512.3000
512.4000
512.5000
512.6000
512.7000
516.3000
516.4000
516.5000
516.6000
516.7000
516.8000
516.9000
518.2000
518.3000
518.4000
518.5000
518.6000
518.7000
518.8000
518.9000
522.6000
522.7000
522.8000
522.9000
523.0000
523.1000
524.5000
524.6000
524.7000
524.8000
524.9000
525.0000
525.1000
528.7000
528.8000
528.9000
529.0000
529.1000
529.2000
529.3000
529.4000
530.7000
530.8000
530.9000
531.0000
531.1000
531.2000
531.3000
531.4000
535.0000
535.1000
535.2000
535.3000
535.4000
535.5000
535.6000
536.9000
537.0000
537.1000
537.2000
537.3000
537.4000
537.5000
537.6000
541.2000
541.3000
541.4000
541.5000
541.6000
541.7000
541.8000
541.9000
543.2000
543.3000
543.4000
543.5000
543.6000
543.7000
543.8000
543.9000
547.5000
547.6000
547.7000
547.8000
547.9000
548.0000
548.1000
549.4000
549.5000
549.6000
549.7000
549.8000
549.9000
550.0000
550.1000
553.8000
553.9000
554.0000
554.1000
554.2000
554.3000
554.4000
555.7000
555.8000
555.9000
556.0000
556.1000
556.2000
556.3000
556.4000
560.0000
560.1000
560.2000
560.3000
560.4000
560.5000
560.6000
561.9000
562.0000
562.1000
562.2000
562.3000
562.4000
562.5000
562.6000
566.2000
566.3000
566.4000
566.5000
566.6000
566.7000
566.8000
566.9000
568.2000
568.3000
568.4000
568.5000
568.6000
568.7000
568.8000
568.9000
572.5000
572.6000
572.7000
572.8000
572.9000
573.0000
573.1000
574.4000
574.5000
574.6000
574.7000
574.8000
574.9000
575.0000
575.1000
578.7000
578.8000
578.9000
579.0000
579.1000
579.2000
579.3000
579.4000
580.7000
580.8000
580.9000
581.0000
581.1000
581.2000
581.3000
584.9000
585.0000
585.1000
585.2000
585.3000
585.4000
585.5000
585.6000
586.9000
587.0000
587.1000
587.2000
587.3000
587.4000
587.5000
587.6000
591.2000
591.3000
591.4000
591.5000
591.6000
591.7000
591.8000
593.1000
593.2000
593.3000
593.4000
593.5000
593.6000
593.7000
593.8000
597.5000
597.6000
597.7000
597.8000
597.9000
598.0000
598.1000
599.4000
599.5000
599.6000
599.7000
599.8000
599.9000
600.0000
600.1000
603.7000
603.8000
603.9000
604.0000
604.1000
604.2000
604.3000
605.6000
605.7000
605.8000
605.9000
606.0000
606.1000
606.2000
606.3000
609.9000
610.0000
610.1000
610.2000
610.3000
610.4000
610.5000
610.6000
611.9000
612.0000
612.1000
612.2000
612.3000
612.4000
612.5000
612.6000
616.2000
616.3000
616.4000
616.5000
616.6000
616.7000
616.8000
618.1000
618.2000
618.3000
618.4000
618.5000
618.6000
618.7000
618.8000
622.4000
622.5000
622.6000
622.7000
622.8000
622.9000
623.0000
623.1000
624.4000
624.5000
624.6000
624.7000
624.8000
624.9000
625.0000
625.1000
628.7000
628.8000
628.9000
629.0000
629.1000
629.2000
629.3000
630.6000
630.7000
630.8000
630.9000
631.0000
631.1000
631.2000
631.3000
635.0000
635.1000
635.2000
635.3000
635.4000
635.5000
635.6000
636.9000
637.0000
637.1000
637.2000
637.3000
637.4000
637.5000
637.6000
641.2000
641.3000
641.4000
641.5000
641.6000
641.7000
641.8000
643.1000
643.2000
643.3000
643.4000
643.5000
643.6000
643.7000
643.8000
647.4000
647.5000
647.6000
647.7000
647.8000
647.9000
648.0000
648.1000
649.4000
649.5000
649.6000
649.7000
649.8000
649.9000
650.0000
650.1000
653.7000
653.8000
653.9000
654.0000
654.1000
654.2000
654.3000
655.6000
655.7000
655.8000
655.9000
656.0000
656.1000
656.2000
656.3000
659.9000
660.0000
660.1000
660.2000
660.3000
660.4000
660.5000
660.6000
661.9000
662.0000
662.1000
662.2000
662.3000
662.4000
662.5000
662.6000
666.1000
666.2000
666.3000
666.4000
666.5000
666.6000
666.7000
666.8000
668.1000
668.2000
668.3000
668.4000
668.5000
668.6000
668.7000
668.8000
672.5000
672.6000
672.7000
672.8000
672.9000
673.0000
673.1000
674.4000
674.5000
674.6000
674.7000
674.8000
674.9000
675.0000
675.1000
678.7000
678.8000
678.9000
679.0000
679.1000
679.2000
679.3000
680.6000
680.7000
680.8000
680.9000
681.0000
681.1000
681.2000
681.3000
684.9000
685.0000
685.1000
685.2000
685.3000
685.4000
685.5000
685.6000
686.9000
687.0000
687.1000
687.2000
687.3000
687.4000
687.5000
687.6000
691.2000
691.3000
691.4000
691.5000
691.6000
691.7000
691.8000
693.1000
693.2000
693.3000
693.4000
693.5000
693.6000
693.7000
693.8000
697.5000
697.6000
697.7000
697.8000
697.9000
698.0000
698.1000
699.4000
699.5000
699.6000
699.7000
699.8000
699.9000
700.0000
700.1000
703.7000
703.8000
703.9000
704.0000
704.1000
704.2000
704.3000
705.6000
705.7000
705.8000
705.9000
706.0000
706.1000
706.2000
706.3000
709.9000
710.0000
710.1000
710.2000
710.3000
710.4000
710.5000
710.6000
711.9000
712.0000
712.1000
712.2000
712.3000
712.4000
712.5000
716.1000
716.2000
716.3000
716.4000
716.5000
716.6000
716.7000
716.8000
718.1000
718.2000
718.3000
718.4000
718.5000
718.6000
718.7000
718.8000
722.4000
722.5000
722.6000
722.7000
722.8000
722.9000
723.0000
723.1000
724.4000
724.5000
724.6000
724.7000
724.8000
724.9000
725.0000
725.1000
728.6000
728.7000
728.8000
728.9000
729.0000
729.1000
729.2000
729.3000
730.6000
730.7000
730.8000
730.9000
731.0000
731.1000
731.2000
731.3000
734.9000
735.0000
735.1000
735.2000
735.3000
735.4000
735.5000
735.6000
736.9000
737.0000
737.1000
737.2000
737.3000
737.4000
737.5000
741.1000
741.2000
741.3000
741.4000
741.5000
741.6000
741.7000
741.8000
743.1000
743.2000
743.3000
743.4000
743.5000
743.6000
743.7000
743.8000
747.4000
747.5000
747.6000
747.7000
747.8000
747.9000
748.0000
749.3000
749.4000
749.5000
749.6000
749.7000
749.8000
749.9000
750.0000
753.6000
753.7000
753.8000
753.9000
754.0000
754.1000
754.2000
754.3000
755.6000
755.7000
755.8000
755.9000
756.0000
756.1000
756.2000
756.3000
759.9000
760.0000
760.1000
760.2000
760.3000
760.4000
760.5000
761.8000
761.9000
762.0000
762.1000
762.2000
762.3000
762.4000
762.5000
766.1000
766.2000
766.3000
766.4000
766.5000
766.6000
766.7000
766.8000
768.1000
768.2000
768.3000
768.4000
768.5000
768.6000
768.7000
772.3000
772.4000
772.5000
772.6000
772.7000
772.8000
772.9000
773.0000
774.3000
774.4000
774.5000
774.6000
774.7000
774.8000
774.9000
775.0000
778.7000
778.8000
778.9000
779.0000
779.1000
779.2000
779.3000
780.6000
780.7000
780.8000
780.9000
781.0000
781.1000
781.2000
784.8000
784.9000
785.0000
785.1000
785.2000
785.3000
785.4000
785.5000
786.8000
786.9000
787.0000
787.1000
787.2000
787.3000
787.4000
787.5000
791.1000
791.2000
791.3000
791.4000
791.5000
791.6000
791.7000
791.8000
793.1000
793.2000
793.3000
793.4000
793.5000
793.6000
793.7000
797.3000
797.4000
797.5000
797.6000
797.7000
797.8000
797.9000
798.0000
799.3000
799.4000
799.5000
799.6000
799.7000
799.8000
799.9000
800.0000
803.6000
803.7000
803.8000
803.9000
804.0000
804.1000
804.2000
804.3000
805.6000
805.7000
805.8000
805.9000
806.0000
806.1000
806.2000
806.3000
809.9000
810.0000
810.1000
810.2000
810.3000
810.4000
810.5000
811.8000
811.9000
812.0000
812.1000
812.2000
812.3000
812.4000
812.5000
816.1000
816.2000
816.3000
816.4000
816.5000
816.6000
816.7000
816.8000
818.1000
818.2000
818.3000
818.4000
818.5000
818.6000
818.7000
818.8000
822.4000
822.5000
822.6000
822.7000
822.8000
822.9000
823.0000
824.3000
824.4000
824.5000
824.6000
824.7000
824.8000
824.9000
825.0000
828.7000
828.8000
828.9000
829.0000
829.1000
829.2000
829.3000
830.6000
830.7000
830.8000
830.9000
831.0000
831.1000
831.2000
831.3000
834.9000
835.0000
835.1000
835.2000
835.3000
835.4000
835.5000
836.8000
836.9000
837.0000
837.1000
837.2000
837.3000
837.4000
837.5000
841.2000
841.3000
841.4000
841.5000
841.6000
841.7000
841.8000
843.1000
843.2000
843.3000
843.4000
843.5000
843.6000
843.7000
843.8000
847.4000
847.5000
847.6000
847.7000
847.8000
847.9000
848.0000
849.3000
849.4000
849.5000
849.6000
849.7000
849.8000
849.9000
850.0000
853.6000
853.7000
853.8000
853.9000
854.0000
854.1000
854.2000
854.3000
855.6000
855.7000
855.8000
855.9000
856.0000
856.1000
856.2000
856.3000
859.8000
859.9000
860.0000
860.1000
860.2000
860.3000
860.4000
860.5000
861.8000
861.9000
862.0000
862.1000
862.2000
862.3000
862.4000
862.5000
866.1000
866.2000
866.3000
866.4000
866.5000
866.6000
866.7000
866.8000
868.1000
868.2000
868.3000
868.4000
868.5000
868.6000
868.7000
868.8000
872.4000
872.5000
872.6000
872.7000
872.8000
872.9000
873.0000
873.1000
874.4000
874.5000
874.6000
874.7000
874.8000
874.9000
875.0000
875.1000
878.7000
878.8000
878.9000
879.0000
879.1000
879.2000
879.3000
880.6000
880.7000
880.8000
880.9000
881.0000
881.1000
881.2000
881.3000
885.0000
885.1000
885.2000
885.3000
885.4000
885.5000
885.6000
886.9000
887.0000
887.1000
887.2000
887.3000
887.4000
887.5000
887.6000
891.2000
891.3000
891.4000
891.5000
891.6000
891.7000
891.8000
893.1000
893.2000
893.3000
893.4000
893.5000
893.6000
893.7000
893.8000
897.4000
897.5000
897.6000
897.7000
897.8000
897.9000
898.0000
898.1000
899.4000
899.5000
899.6000
899.7000
899.8000
899.9000
900.0000
900.1000
903.7000
903.8000
903.9000
904.0000
904.1000
904.2000
904.3000
905.6000
905.7000
905.8000
905.9000
906.0000
906.1000
906.2000
906.3000
909.9000
910.0000
910.1000
910.2000
910.3000
910.4000
910.5000
910.6000
911.9000
912.0000
912.1000
912.2000
912.3000
912.4000
912.5000
912.6000
916.2000
916.3000
916.4000
916.5000
916.6000
916.7000
916.8000
918.1000
918.2000
918.3000
918.4000
918.5000
918.6000
918.7000
918.8000
922.4000
922.5000
922.6000
922.7000
922.8000
922.9000
923.0000
923.1000
924.4000
924.5000
924.6000
924.7000
924.8000
924.9000
925.0000
925.1000
928.7000
928.8000
928.9000
929.0000
929.1000
929.2000
929.3000
930.6000
930.7000
930.8000
930.9000
931.0000
931.1000
931.2000
931.3000
934.9000
935.0000
935.1000
935.2000
935.3000
935.4000
935.5000
935.6000
936.9000
937.0000
937.1000
937.2000
937.3000
937.4000
937.5000
937.6000
941.2000
941.3000
941.4000
941.5000
941.6000
941.7000
941.8000
943.1000
943.2000
943.3000
943.4000
943.5000
943.6000
943.7000
943.8000
947.4000
947.5000
947.6000
947.7000
947.8000
947.9000
948.0000
948.1000
949.4000
949.5000
949.6000
949.7000
949.8000
949.9000
950.0000
950.1000
953.7000
953.8000
953.9000
954.0000
954.1000
954.2000
954.3000
954.4000
955.6000
955.7000
955.8000
955.9000
956.0000
956.1000
956.2000
956.3000
956.4000
960.0000
960.1000
960.2000
960.3000
960.4000
960.5000
960.6000
961.9000
962.0000
962.1000
962.2000
962.3000
962.4000
962.5000
962.6000
966.2000
966.3000
966.4000
966.5000
966.6000
966.7000
966.8000
966.9000
968.2000
968.3000
968.4000
968.5000
968.6000
968.7000
968.8000
968.9000
972.5000
972.6000
972.7000
972.8000
972.9000
973.0000
973.1000
974.4000
974.5000
974.6000
974.7000
974.8000
974.9000
975.0000
975.1000
978.8000
978.9000
979.0000
979.1000
979.2000
979.3000
979.4000
980.7000
980.8000
980.9000
981.0000
981.1000
981.2000
981.3000
981.4000
985.0000
985.1000
985.2000
985.3000
985.4000
985.5000
985.6000
986.9000
987.0000
987.1000
987.2000
987.3000
987.4000
987.5000
987.6000
991.2000
991.3000
991.4000
991.5000
991.6000
991.7000
991.8000
991.9000
993.2000
993.3000
993.4000
993.5000
993.6000
993.7000
993.8000
993.9000
997.5000
997.6000
997.7000
997.8000
997.9000
998.0000
998.1000
999.4000
999.5000
999.6000
999.7000
999.8000
999.9000
1000.0000
1000.1000
1003.8000
1003.9000
1004.0000
1004.1000
1004.2000
1004.3000
1004.4000
1005.7000
1005.8000
1005.9000
1006.0000
1006.1000
1006.2000
1006.3000
1006.4000
1010.0000
1010.1000
1010.2000
1010.3000
1010.4000
1010.5000
1010.6000
1011.9000
1012.0000
1012.1000
1012.2000
1012.3000
1012.4000
1012.5000
1012.6000
1016.2000
1016.3000
1016.4000
1016.5000
1016.6000
1016.7000
1016.8000
1016.9000
1018.2000
1018.3000
1018.4000
1018.5000
1018.6000
1018.7000
1018.8000
1018.9000
1022.5000
1022.6000
1022.7000
1022.8000
1022.9000
1023.0000
1023.1000
1024.4000
1024.5000
1024.6000
1024.7000
1024.8000
1024.9000
1025.0000
1025.1000
1028.7000
1028.8000
1028.9000
1029.0000
1029.1000
1029.2000
1029.3000
1029.4000
1030.7000
1030.8000
1030.9000
1031.0000
1031.1000
1031.2000
1031.3000
1031.4000
1035.0000
1035.1000
1035.2000
1035.3000
1035.4000
1035.5000
1035.6000
1036.9000
1037.0000
1037.1000
1037.2000
1037.3000
1037.4000
1037.5000
1037.6000
1041.3000
1041.4000
1041.5000
1041.6000
1041.7000
1041.8000
1041.9000
1043.2000
1043.3000
1043.4000
1043.5000
1043.6000
1043.7000
1043.8000
1043.9000
1047.5000
1047.6000
1047.7000
1047.8000
1047.9000
1048.0000
1048.1000
1049.4000
1049.5000
1049.6000
1049.7000
1049.8000
1049.9000
1050.0000
1050.1000
1053.8000
1053.9000
1054.0000
1054.1000
1054.2000
1054.3000
1054.4000
1055.7000
1055.8000
1055.9000
1056.0000
1056.1000
1056.2000
1056.3000
1056.4000
1060.0000
1060.1000
1060.2000
1060.3000
1060.4000
1060.5000
1060.6000
1061.9000
1062.0000
1062.1000
1062.2000
1062.3000
1062.4000
1062.5000
1062.6000
1066.3000
1066.4000
1066.5000
1066.6000
1066.7000
1066.8000
1066.9000
1068.2000
1068.3000
1068.4000
1068.5000
1068.6000
1068.7000
1068.8000
1072.4000
1072.5000
1072.6000
1072.7000
1072.8000
1072.9000
1073.0000
1073.1000
1074.4000
1074.5000
1074.6000
1074.7000
1074.8000
1074.9000
1075.0000
1075.1000
1078.7000
1078.8000
1078.9000
1079.0000
1079.1000
1079.2000
1079.3000
1079.4000
1080.7000
1080.8000
1080.9000
1081.0000
1081.1000
1081.2000
1081.3000
1081.4000
1085.0000
1085.1000
1085.2000
1085.3000
1085.4000
1085.5000
1085.6000
1086.9000
1087.0000
1087.1000
1087.2000
1087.3000
1087.4000
1087.5000
1087.6000
1091.3000
1091.4000
1091.5000
1091.6000
1091.7000
1091.8000
1091.9000
1093.2000
1093.3000
1093.4000
1093.5000
1093.6000
1093.7000
1093.8000
1097.5000
1097.6000
1097.7000
1097.8000
1097.9000
1098.0000
1098.1000
1099.4000
1099.5000
1099.6000
1099.7000
1099.8000
1099.9000
1100.0000
1100.1000
1103.7000
1103.8000
1103.9000
1104.0000
1104.1000
1104.2000
1104.3000
1104.4000
1105.7000
1105.8000
1105.9000
1106.0000
1106.1000
1106.2000
1106.3000
1106.4000
1110.0000
1110.1000
1110.2000
1110.3000
1110.4000
1110.5000
1110.6000
1111.9000
1112.0000
1112.1000
1112.2000
1112.3000
1112.4000
1112.5000
1112.6000
1116.2000
1116.3000
1116.4000
1116.5000
1116.6000
1116.7000
1116.8000
1116.9000
1118.2000
1118.3000
1118.4000
1118.5000
1118.6000
1118.7000
1118.8000
1118.9000
1122.5000
1122.6000
1122.7000
1122.8000
1122.9000
1123.0000
1123.1000
1124.4000
1124.5000
1124.6000
1124.7000
1124.8000
1124.9000
1125.0000
1125.1000
1128.8000
1128.9000
1129.0000
1129.1000
1129.2000
1129.3000
1129.4000
1130.7000
1130.8000
1130.9000
1131.0000
1131.1000
1131.2000
1131.3000
1131.4000
1135.0000
1135.1000
1135.2000
1135.3000
1135.4000
1135.5000
1135.6000
1136.9000
1137.0000
1137.1000
1137.2000
1137.3000
1137.4000
1137.5000
1137.6000
1141.3000
1141.4000
1141.5000
1141.6000
1141.7000
1141.8000
1141.9000
1143.2000
1143.3000
1143.4000
1143.5000
1143.6000
1143.7000
1143.8000
1147.4000
1147.5000
1147.6000
1147.7000
1147.8000
1147.9000
1148.0000
1148.1000
1149.4000
1149.5000
1149.6000
1149.7000
1149.8000
1149.9000
1150.0000
1150.1000
1153.7000
1153.8000
1153.9000
1154.0000
1154.1000
1154.2000
1154.3000
1154.4000
1155.7000
1155.8000
1155.9000
1156.0000
1156.1000
1156.2000
1156.3000
1156.4000
1160.0000
1160.1000
1160.2000
1160.3000
1160.4000
1160.5000
1160.6000
1161.9000
1162.0000
1162.1000
1162.2000
1162.3000
1162.4000
1162.5000
1162.6000
1166.3000
1166.4000
1166.5000
1166.6000
1166.7000
1166.8000
1166.9000
1168.2000
1168.3000
1168.4000
1168.5000
1168.6000
1168.7000
1168.8000
1168.9000
1172.5000
1172.6000
1172.7000
1172.8000
1172.9000
1173.0000
1173.1000
1174.4000
1174.5000
1174.6000
1174.7000
1174.8000
1174.9000
1175.0000
1175.1000
1178.7000
1178.8000
1178.9000
1179.0000
1179.1000
1179.2000
1179.3000
1179.4000
1180.7000
1180.8000
1180.9000
1181.0000
1181.1000
1181.2000
1181.3000
1181.4000
1184.9000
1185.0000
1185.1000
1185.2000
1185.3000
1185.4000
1185.5000
1185.6000
1186.9000
1187.0000
1187.1000
1187.2000
1187.3000
1187.4000
1187.5000
1187.6000
1191.2000
1191.3000
1191.4000
1191.5000
1191.6000
1191.7000
1191.8000
1191.9000
1193.2000
1193.3000
1193.4000
1193.5000
1193.6000
1193.7000
1193.8000
1193.9000
1197.5000
1197.6000
1197.7000
1197.8000
1197.9000
1198.0000
1198.1000
1199.4000
1199.5000
1199.6000
1199.7000
1199.8000
1199.9000
1200.0000
1200.1000
1203.7000
1203.8000
1203.9000
1204.0000
1204.1000
1204.2000
1204.3000
1204.4000
1205.7000
1205.8000
1205.9000
1206.0000
1206.1000
1206.2000
1206.3000
1206.4000
1210.0000
1210.1000
1210.2000
1210.3000
1210.4000
1210.5000
1210.6000
1211.9000
1212.0000
1212.1000
1212.2000
1212.3000
1212.4000
1212.5000
1212.6000
1216.2000
1216.3000
1216.4000
1216.5000
1216.6000
1216.7000
1216.8000
1216.9000
1218.2000
1218.3000
1218.4000
1218.5000
1218.6000
1218.7000
1218.8000
1218.9000
1222.5000
1222.6000
1222.7000
1222.8000
1222.9000
1223.0000
1223.1000
1224.4000
1224.5000
1224.6000
1224.7000
1224.8000
1224.9000
1225.0000
1225.1000
1228.7000
1228.8000
1228.9000
1229.0000
1229.1000
1229.2000
1229.3000
1229.4000
1230.7000
1230.8000
1230.9000
1231.0000
1231.1000
1231.2000
1231.3000
1231.4000
1235.0000
1235.1000
1235.2000
1235.3000
1235.4000
1235.5000
1235.6000
1236.9000
1237.0000
1237.1000
1237.2000
1237.3000
1237.4000
1237.5000
1237.6000
1241.3000
1241.4000
1241.5000
1241.6000
1241.7000
1241.8000
1241.9000
1243.2000
1243.3000
1243.4000
1243.5000
1243.6000
1243.7000
1243.8000
1243.9000
1247.5000
1247.6000
1247.7000
1247.8000
1247.9000
1248.0000
1248.1000
1249.4000
1249.5000
1249.6000
1249.7000
1249.8000
1249.9000
1250.0000
1250.1000
1253.7000
1253.8000
1253.9000
1254.0000
1254.1000
1254.2000
1254.3000
1254.4000
1255.7000
1255.8000
1255.9000
1256.0000
1256.1000
1256.2000
1256.3000
1256.4000
1260.0000
1260.1000
1260.2000
1260.3000
1260.4000
1260.5000
1260.6000
1261.9000
1262.0000
1262.1000
1262.2000
1262.3000
1262.4000
1262.5000
1262.6000
1266.3000
1266.4000
1266.5000
1266.6000
1266.7000
1266.8000
1266.9000
1268.2000
1268.3000
1268.4000
1268.5000
1268.6000
1268.7000
1268.8000
1268.9000
1272.5000
1272.6000
1272.7000
1272.8000
1272.9000
1273.0000
1273.1000
1274.4000
1274.5000
1274.6000
1274.7000
1274.8000
1274.9000
1275.0000
1275.1000
1278.8000
1278.9000
1279.0000
1279.1000
1279.2000
1279.3000
1279.4000
1280.7000
1280.8000
1280.9000
1281.0000
1281.1000
1281.2000
1281.3000
1284.9000
1285.0000
1285.1000
1285.2000
1285.3000
1285.4000
1285.5000
1285.6000
1286.9000
1287.0000
1287.1000
1287.2000
1287.3000
1287.4000
1287.5000
1287.6000
1291.2000
1291.3000
1291.4000
1291.5000
1291.6000
1291.7000
1291.8000
1291.9000
1293.2000
1293.3000
1293.4000
1293.5000
1293.6000
1293.7000
1293.8000
1293.9000
1297.5000
1297.6000
1297.7000
1297.8000
1297.9000
1298.0000
1298.1000
1299.4000
1299.5000
1299.6000
1299.7000
1299.8000
1299.9000
1300.0000
1300.1000
1303.7000
1303.8000
1303.9000
1304.0000
1304.1000
1304.2000
1304.3000
1304.4000
1305.7000
1305.8000
1305.9000
1306.0000
1306.1000
1306.2000
1306.3000
1306.4000
1310.0000
1310.1000
1310.2000
1310.3000
1310.4000
1310.5000
1310.6000
1311.9000
1312.0000
1312.1000
1312.2000
1312.3000
1312.4000
1312.5000
1312.6000
1316.2000
1316.3000
1316.4000
1316.5000
1316.6000
1316.7000
1316.8000
1316.9000
1318.2000
1318.3000
1318.4000
1318.5000
1318.6000
1318.7000
1318.8000
1318.9000
1322.5000
1322.6000
1322.7000
1322.8000
1322.9000
1323.0000
1323.1000
1324.4000
1324.5000
1324.6000
1324.7000
1324.8000
1324.9000
1325.0000
1325.1000
1328.7000
1328.8000
1328.9000
1329.0000
1329.1000
1329.2000
1329.3000
1329.4000
1330.7000
1330.8000
1330.9000
1331.0000
1331.1000
1331.2000
1331.3000
1331.4000
1335.0000
1335.1000
1335.2000
1335.3000
1335.4000
1335.5000
1335.6000
1336.9000
1337.0000
1337.1000
1337.2000
1337.3000
1337.4000
1337.5000
1337.6000
1341.2000
1341.3000
1341.4000
1341.5000
1341.6000
1341.7000
1341.8000
1341.9000
1343.2000
1343.3000
1343.4000
1343.5000
1343.6000
1343.7000
1343.8000
1343.9000
1347.5000
1347.6000
1347.7000
1347.8000
1347.9000
1348.0000
1348.1000
1349.4000
1349.5000
1349.6000
1349.7000
1349.8000
1349.9000
1350.0000
1350.1000
1353.8000
1353.9000
1354.0000
1354.1000
1354.2000
1354.3000
1354.4000
1355.7000
1355.8000
1355.9000
1356.0000
1356.1000
1356.2000
1356.3000
1359.9000
1360.0000
1360.1000
1360.2000
1360.3000
1360.4000
1360.5000
1360.6000
1361.9000
1362.0000
1362.1000
1362.2000
1362.3000
1362.4000
1362.5000
1362.6000
1366.2000
1366.3000
1366.4000
1366.5000
1366.6000
1366.7000
1366.8000
1366.9000
1368.2000
1368.3000
1368.4000
1368.5000
1368.6000
1368.7000
1368.8000
1368.9000
1372.4000
1372.5000
1372.6000
1372.7000
1372.8000
1372.9000
1373.0000
1373.1000
1374.4000
1374.5000
1374.6000
1374.7000
1374.8000
1374.9000
1375.0000
1375.1000
1378.7000
1378.8000
1378.9000
1379.0000
1379.1000
1379.2000
1379.3000
1379.4000
1380.7000
1380.8000
1380.9000
1381.0000
1381.1000
1381.2000
1381.3000
1381.4000
1385.0000
1385.1000
1385.2000
1385.3000
1385.4000
1385.5000
1385.6000
1386.9000
1387.0000
1387.1000
1387.2000
1387.3000
1387.4000
1387.5000
1387.6000
1391.2000
1391.3000
1391.4000
1391.5000
1391.6000
1391.7000
1391.8000
1391.9000
1393.2000
1393.3000
1393.4000
1393.5000
1393.6000
1393.7000
1393.8000
1393.9000
1397.5000
1397.6000
1397.7000
1397.8000
1397.9000
1398.0000
1398.1000
1399.4000
1399.5000
1399.6000
1399.7000
1399.8000
1399.9000
1400.0000
1400.1000
1403.8000
1403.9000
1404.0000
1404.1000
1404.2000
1404.3000
1404.4000
1405.7000
1405.8000
1405.9000
1406.0000
1406.1000
1406.2000
1406.3000
1406.4000
1410.0000
1410.1000
1410.2000
1410.3000
1410.4000
1410.5000
1410.6000
1411.9000
1412.0000
1412.1000
1412.2000
1412.3000
1412.4000
1412.5000
1412.6000
1416.3000
1416.4000
1416.5000
1416.6000
1416.7000
1416.8000
1416.9000
1418.2000
1418.3000
1418.4000
1418.5000
1418.6000
1418.7000
1418.8000
1422.4000
1422.5000
1422.6000
1422.7000
1422.8000
1422.9000
1423.0000
1423.1000
1424.4000
1424.5000
1424.6000
1424.7000
1424.8000
1424.9000
1425.0000
1425.1000
1428.7000
1428.8000
1428.9000
1429.0000
1429.1000
1429.2000
1429.3000
1429.4000
1430.7000
1430.8000
1430.9000
1431.0000
1431.1000
1431.2000
1431.3000
2.1000
5.3000
5.4000
5.5000
5.6000
5.7000
5.8000
5.9000
11.8000
11.9000
12.0000
12.1000
12.2000
12.3000
12.4000
12.5000
18.3000
18.4000
18.5000
18.6000
18.7000
18.8000
18.9000
19.0000
24.9000
25.0000
25.1000
25.2000
25.3000
25.4000
25.5000
31.4000
31.5000
31.6000
31.7000
31.8000
31.9000
32.0000
32.1000
37.9000
38.0000
38.1000
38.2000
38.3000
38.4000
38.5000
38.6000
2.2000
2.3000
2.4000
2.5000
2.6000
2.7000
17.4000
17.5000
17.6000
17.7000
9.7000
13.6000
13.7000
13.8000
31.2000
31.3000
31.4000
216.5000
216.6000
216.7000
216.8000
216.9000
217.0000
217.1000
217.2000
217.3000
217.4000
217.5000
217.6000
241.3000
267.5000
267.6000
267.7000
285.1000
285.2000
413.7000
470.2000
470.3000
470.4000
470.5000
470.6000
470.7000
470.8000
470.9000
471.0000
471.1000
471.2000
495.0000
521.2000
521.3000
521.4000
538.8000
538.9000
539.0000
667.4000
724.0000
724.1000
724.2000
724.3000
724.4000
724.5000
724.6000
724.7000
724.8000
724.9000
725.0000
748.7000
774.9000
775.0000
775.1000
792.5000
792.6000
977.5000
977.6000
977.7000
977.8000
977.9000
978.0000
978.1000
978.2000
978.3000
978.4000
978.5000
978.6000
1002.3000
1028.5000
1028.6000
1028.7000
1046.1000
1046.2000
1231.5000
1231.6000
1231.7000
1231.8000
1231.9000
1232.0000
1232.1000
1232.2000
1232.3000
1232.4000
1232.5000
1232.6000
1256.3000
1282.5000
1282.6000
1282.7000
1300.1000
1300.2000
1485.2000
1485.3000
1485.4000
1485.5000
1485.6000
1485.7000
1485.8000
1485.9000
1486.0000
1486.1000
1486.2000
1510.0000
1536.2000
1536.3000
1536.4000
1553.8000
1553.9000
13.6000
13.7000
13.8000
31.2000
31.3000
31.4000
216.5000
216.6000
216.7000
216.8000
216.9000
217.0000
217.1000
217.2000
217.3000
217.4000
217.5000
217.6000
241.3000
267.5000
267.6000
267.7000
13.6000
13.7000
13.8000
31.2000
31.3000
31.4000
216.5000
216.6000
216.7000
216.8000
216.9000
217.0000
217.1000
217.2000
217.3000
217.4000
217.5000
217.6000
241.3000
267.5000
267.6000
267.7000
285.1000
285.2000
413.7000
470.2000
470.3000
470.4000
470.5000
470.6000
470.7000
470.8000
470.9000
471.0000
471.1000
471.2000
495.0000
521.2000
521.3000
521.4000
538.8000
538.9000
539.0000
